.000000E+00
.493285E-03
.409426E-03
.416949E-03
.427711E-03
.435843E-03
.441176E-03
.455957E-03
.469240E-03
.470303E-03
.469656E-03
.473590E-03
.478240E-03
.481714E-03
.484433E-03
.485942E-03
.485868E-03
.484702E-03
.482903E-03
.480890E-03
.479585E-03
.479786E-03
.481664E-03
.485090E-03
.489724E-03
.494697E-03
.498617E-03
.500129E-03
.498670E-03
.494875E-03
.490381E-03
.487046E-03
.485982E-03
.487034E-03
.489073E-03
.490845E-03
.491732E-03
.492022E-03
.492637E-03
.494614E-03
.498615E-03
.504710E-03
.512482E-03
.521347E-03
.530903E-03
.541161E-03
.552597E-03
.566009E-03
.582225E-03
.601777E-03
.624675E-03
.650399E-03
.678108E-03
.707013E-03
.736724E-03
.767386E-03
.799523E-03
.833665E-03
.869978E-03
.908109E-03
.947278E-03
.986502E-03
.102480E-02
.106133E-02
.109549E-02
.112701E-02
.115609E-02
.118334E-02
.120972E-02
.123630E-02
.126399E-02
.129333E-02
.132442E-02
.135693E-02
.139026E-02
.142371E-02
.145654E-02
.148808E-02
.151771E-02
.154483E-02
.156895E-02
.158979E-02
.160735E-02
.162192E-02
.163406E-02
.164442E-02
.165360E-02
.166203E-02
.166989E-02
.167715E-02
.168361E-02
.168901E-02
.169311E-02
.169575E-02
.169694E-02
.169684E-02
.169575E-02
.169407E-02
.169222E-02
.169059E-02
.168940E-02
.168875E-02
.168858E-02
.168869E-02
.168885E-02
.168884E-02
.168853E-02
.168787E-02
.168691E-02
.168575E-02
.168450E-02
.168324E-02
.168198E-02
.168068E-02
.167924E-02
.167755E-02
.167556E-02
.167327E-02
.167077E-02
.166822E-02
.166576E-02
.166351E-02
.166147E-02
.165949E-02
.165731E-02
.165458E-02
.165094E-02
.164608E-02
.163979E-02
.163201E-02
.162286E-02
.161256E-02
.160147E-02
.158997E-02
.157845E-02
.156725E-02
.155664E-02
.154681E-02
.153784E-02
.152973E-02
.152241E-02
.151577E-02
.150968E-02
.150402E-02
.149868E-02
.149355E-02
.148854E-02
.148353E-02
.147843E-02
.147311E-02
.146749E-02
.146149E-02
.145507E-02
.144825E-02
.144112E-02
.143375E-02
.142628E-02
.141879E-02
.141135E-02
.140396E-02
.139659E-02
.138915E-02
.138152E-02
.137360E-02
.136531E-02
.135661E-02
.134754E-02
.133818E-02
.132872E-02
.131934E-02
.131030E-02
.130184E-02
.129421E-02
.128764E-02
.128229E-02
.127829E-02
.127569E-02
.127450E-02
.127461E-02
.127589E-02
.127812E-02
.128104E-02
.128435E-02
.128772E-02
.129086E-02
.129346E-02
.129527E-02
.129609E-02
.129577E-02
.129426E-02
.129157E-02
.128776E-02
.128297E-02
.127739E-02
.127119E-02
.126459E-02
.125778E-02
.125091E-02
.124408E-02
.123737E-02
.123079E-02
.122432E-02
.121791E-02
.121150E-02
.120503E-02
.119846E-02
.119174E-02
.118486E-02
.117781E-02
.117060E-02
.116325E-02
.115578E-02
.114822E-02
.114060E-02
.113295E-02
.112532E-02
.111773E-02
.111023E-02
.110285E-02
.109561E-02
.108852E-02
.108159E-02
.107480E-02
.106815E-02
.106162E-02
.105518E-02
.104883E-02
.104254E-02
.103632E-02
.103016E-02
.102407E-02
.101805E-02
.101210E-02
.100624E-02
.100048E-02
.994829E-03
.989301E-03
.983913E-03
.978679E-03
.973612E-03
.968720E-03
.964002E-03
.959454E-03
.955062E-03
.950810E-03
.946679E-03
.942650E-03
.938706E-03
.934837E-03
.931035E-03
.927297E-03
.923623E-03
.920013E-03
.916465E-03
.912976E-03
.909537E-03
.906138E-03
.902766E-03
.899407E-03
.896049E-03
.892682E-03
.889298E-03
.885892E-03
.882461E-03
.879004E-03
.875518E-03
.871999E-03
.868440E-03
.864832E-03
.861162E-03
.857414E-03
.853570E-03
.849615E-03
.845533E-03
.841316E-03
.836963E-03
.832481E-03
.827887E-03
.823210E-03
.818483E-03
.813750E-03
.809054E-03
.804441E-03
.799949E-03
.795612E-03
.791449E-03
.787470E-03
.783672E-03
.780038E-03
.776543E-03
.773155E-03
.769836E-03
.766549E-03
.763262E-03
.759947E-03
.756586E-03
.753171E-03
.749704E-03
.746195E-03
.742662E-03
.739128E-03
.735615E-03
.732145E-03
.728736E-03
.725399E-03
.722140E-03
.718958E-03
.715846E-03
.712796E-03
.709798E-03
.706841E-03
.703919E-03
.701031E-03
.698178E-03
.695367E-03
.692607E-03
.689909E-03
.687282E-03
.684733E-03
.682266E-03
.679877E-03
.677558E-03
.675293E-03
.673065E-03
.670850E-03
.668626E-03
.666370E-03
.664063E-03
.661691E-03
.659245E-03
.656723E-03
.654129E-03
.651475E-03
.648776E-03
.646050E-03
.643319E-03
.640604E-03
.637927E-03
.635305E-03
.632752E-03
.630279E-03
.627890E-03
.625585E-03
.623359E-03
.621200E-03
.619093E-03
.617021E-03
.614962E-03
.612892E-03
.610788E-03
.608625E-03
.606380E-03
.604032E-03
.601563E-03
.598958E-03
.596208E-03
.593308E-03
.590261E-03
.587073E-03
.583760E-03
.580342E-03
.576844E-03
.573295E-03
.569729E-03
.566178E-03
.562676E-03
.559256E-03
.555948E-03
.552776E-03
.549761E-03
.546920E-03
.544262E-03
.541793E-03
.539513E-03
.537416E-03
.535496E-03
.533741E-03
.532134E-03
.530660E-03
.529300E-03
.528033E-03
.526838E-03
.525695E-03
.524583E-03
.523483E-03
.522377E-03
.521252E-03
.520095E-03
.518895E-03
.517648E-03
.516350E-03
.515001E-03
.513604E-03
.512165E-03
.510691E-03
.509192E-03
.507680E-03
.506167E-03
.504667E-03
.503194E-03
.501761E-03
.500383E-03
.499072E-03
.497839E-03
.496692E-03
.495638E-03
.494679E-03
.493817E-03
.493050E-03
.492370E-03
.491770E-03
.491239E-03
.490765E-03
.490333E-03
.489928E-03
.489536E-03
.489143E-03
.488735E-03
.488301E-03
.487834E-03
.487326E-03
.486775E-03
.486181E-03
.485548E-03
.484881E-03
.484190E-03
.483484E-03
.482776E-03
.482078E-03
.481404E-03
.480767E-03
.480180E-03
.479654E-03
.479200E-03
.478829E-03
.478550E-03
.478369E-03
.478295E-03
.478332E-03
.478485E-03
.478756E-03
.479147E-03
.479656E-03
.480281E-03
.481016E-03
.481852E-03
.482778E-03
.483779E-03
.484839E-03
.485935E-03
.487043E-03
.488135E-03
.489181E-03
.490144E-03
.490986E-03
.491666E-03
.492136E-03
.492350E-03
.492253E-03
.491792E-03
.490908E-03
.489544E-03
.487642E-03
.485143E-03
.481996E-03
.478153E-03
.473575E-03
.468231E-03
.462107E-03
.455201E-03
.447527E-03
.439120E-03
.430030E-03
.420327E-03
.410095E-03
.399436E-03
.388461E-03
.377289E-03
.366044E-03
.354851E-03
.343829E-03
.333089E-03
.322732E-03
.312843E-03
.303490E-03
.294725E-03
.286581E-03
.279074E-03
.272204E-03
.265958E-03
.260308E-03
.255221E-03
.250654E-03
.246560E-03
.242892E-03
.239599E-03
.236636E-03
.233955E-03
.231516E-03
.229279E-03
.227209E-03
.225275E-03
.223450E-03
.221708E-03
.220029E-03
.218393E-03
.216785E-03
.215191E-03
.213602E-03
.212009E-03
.210405E-03
.208789E-03
.207158E-03
.205514E-03
.203858E-03
.202195E-03
.200528E-03
.198865E-03
.197211E-03
.195572E-03
.193954E-03
.192363E-03
.190804E-03
.189281E-03
.187800E-03
.186364E-03
.184976E-03
.183639E-03
.182357E-03
.181131E-03
.179963E-03
.178856E-03
.177812E-03
.176830E-03
.175913E-03
.175060E-03
.174270E-03
.173543E-03
.172876E-03
.172265E-03
.171708E-03
.171199E-03
.170733E-03
.170304E-03
.169905E-03
.169530E-03
.169171E-03
.168823E-03
.168478E-03
.168131E-03
.167776E-03
.167409E-03
.167027E-03
.166627E-03
.166208E-03
.165770E-03
.165315E-03
.164846E-03
.164367E-03
.163884E-03
.163401E-03
.162927E-03
.162470E-03
.162036E-03
.161635E-03
.161274E-03
.160961E-03
.160703E-03
.160506E-03
.160374E-03
.160311E-03
.160319E-03
.160399E-03
.160548E-03
.160766E-03
.161048E-03
.161388E-03
.161779E-03
.162215E-03
.162686E-03
.163184E-03
.163699E-03
.164222E-03
.164744E-03
.165256E-03
.165751E-03
.166220E-03
.166658E-03
.167061E-03
.167424E-03
.167747E-03
.168028E-03
.168268E-03
.168468E-03
.168632E-03
.168763E-03
.168867E-03
.168948E-03
.169012E-03
.169065E-03
.169113E-03
.169161E-03
.169217E-03
.169283E-03
.169367E-03
.169470E-03
.169598E-03
.169753E-03
.169939E-03
.170156E-03
.170408E-03
.170696E-03
.171024E-03
.171395E-03
.171817E-03
.172297E-03
.172848E-03
.173490E-03
.174250E-03
.175165E-03
.176287E-03
.177686E-03
.179456E-03
.181720E-03
.184635E-03
.188404E-03
.193284E-03
.199593E-03
.207720E-03
.218137E-03
.231409E-03
.248193E-03
.269254E-03
.295456E-03
.327763E-03
.367230E-03
.414973E-03
.472160E-03
.539964E-03
.619526E-03
.711882E-03
.817931E-03
.938347E-03
.107352E-02
.122348E-02
.138782E-02
.156566E-02
.175561E-02
.195571E-02
.216348E-02
.237587E-02
.258940E-02
.280016E-02
.300398E-02
.319650E-02
.337337E-02
.353038E-02
.366362E-02
.376966E-02
.384565E-02
.388951E-02
.389995E-02
.387657E-02
.381987E-02
.373124E-02
.361286E-02
.346766E-02
.329913E-02
.311128E-02
.290837E-02
.269479E-02
.247494E-02
.225300E-02
.203290E-02
.181814E-02
.161173E-02
.141613E-02
.123330E-02
.106459E-02
.910841E-03
.772412E-03
.649227E-03
.540870E-03
.446615E-03
.365524E-03
.296508E-03
.238399E-03
.189982E-03
.150059E-03
.117477E-03
.911544E-04
.701049E-04
.534391E-04
.403747E-04
.302342E-04
.224398E-04
.165076E-04
.120362E-04
.869830E-05
.623029E-05
.442311E-05
.311234E-05
.217061E-05
.150043E-05
.102796E-05
.698051E-06
.469822E-06
.313414E-06
.207224E-06
.135796E-06
.882030E-07
.567827E-07
.362315E-07
.229130E-07
.143624E-07
.892292E-08
.549445E-08
.335335E-08
.202841E-08
.121613E-08
.722673E-09
.425632E-09
.248451E-09
.143742E-09
.824184E-10
.468325E-10
.263706E-10
.147085E-10
.814044E-11
.948443E-13
.000000E+00
.000000E+00
.000000E+00
.000000E+00
.000000E+00
.000000E+00
.000000E+00
.000000E+00
.000000E+00
.000000E+00
.000000E+00
.000000E+00
.000000E+00
.000000E+00
.000000E+00
.000000E+00
.000000E+00
.000000E+00
.000000E+00
.000000E+00
.000000E+00
.000000E+00
.000000E+00
.000000E+00
.000000E+00
.000000E+00
.000000E+00
.000000E+00
.000000E+00
.000000E+00
.000000E+00
.000000E+00
.000000E+00
.000000E+00
.000000E+00
.000000E+00
.000000E+00
.000000E+00
.000000E+00
.000000E+00
.000000E+00
.000000E+00
.000000E+00
.000000E+00
.000000E+00
.000000E+00
.000000E+00
.000000E+00
.000000E+00
.000000E+00
.000000E+00
.000000E+00
.000000E+00
.000000E+00
.000000E+00
.000000E+00
.000000E+00
.000000E+00
.000000E+00
.000000E+00
.000000E+00
.000000E+00
.000000E+00
.000000E+00
.000000E+00
.000000E+00
.000000E+00
.000000E+00
.000000E+00
.000000E+00
.000000E+00
.000000E+00
.000000E+00
.000000E+00
.000000E+00
.000000E+00
.000000E+00
.000000E+00
.000000E+00
.000000E+00
.000000E+00
.000000E+00
.000000E+00
.000000E+00
.000000E+00
.000000E+00
.000000E+00
.000000E+00
.000000E+00
.000000E+00
.000000E+00
.000000E+00
.000000E+00
.000000E+00
.000000E+00
.000000E+00
.000000E+00
.000000E+00
.000000E+00
.000000E+00
.000000E+00
.000000E+00
.000000E+00
.000000E+00
.000000E+00
.000000E+00
.000000E+00
.000000E+00
.000000E+00
.000000E+00
.000000E+00
.000000E+00
.000000E+00
.000000E+00
.000000E+00
.000000E+00
.000000E+00
.000000E+00
.000000E+00
.000000E+00
.000000E+00
.000000E+00
.000000E+00
.000000E+00
.000000E+00
.000000E+00
.000000E+00
.000000E+00
.000000E+00
.000000E+00
.000000E+00
.000000E+00
.000000E+00
.000000E+00
.000000E+00
.000000E+00
.000000E+00
.000000E+00
.000000E+00
.000000E+00
.000000E+00
.000000E+00
.000000E+00
.000000E+00
.000000E+00
.000000E+00
.000000E+00
.000000E+00
.000000E+00
.000000E+00
.000000E+00
.000000E+00
.000000E+00
.000000E+00
.000000E+00
.000000E+00
.000000E+00
.000000E+00
.000000E+00
.000000E+00
.000000E+00
.000000E+00
.000000E+00
.000000E+00
.000000E+00
.000000E+00
.000000E+00
.000000E+00
.000000E+00
.000000E+00
.000000E+00
.000000E+00
.000000E+00
.000000E+00
.000000E+00
.000000E+00
.000000E+00
.000000E+00
.000000E+00
.000000E+00
.000000E+00
.000000E+00
.000000E+00
.000000E+00
.000000E+00
.000000E+00
.000000E+00
.000000E+00
.000000E+00
.000000E+00
.000000E+00
.000000E+00
.000000E+00
.000000E+00
.000000E+00
.000000E+00
.000000E+00
.000000E+00
.000000E+00
.000000E+00
.000000E+00
.000000E+00
.000000E+00
.000000E+00
.000000E+00
.000000E+00
.000000E+00
.000000E+00
.000000E+00
.000000E+00
.000000E+00
.000000E+00
.000000E+00
.000000E+00
.000000E+00
.000000E+00
.000000E+00
.000000E+00
.000000E+00
.000000E+00
.000000E+00
.000000E+00
.000000E+00
.000000E+00
.000000E+00
.000000E+00
.000000E+00
.000000E+00
.000000E+00
.000000E+00
.000000E+00
.000000E+00
.000000E+00
.000000E+00
.000000E+00
.000000E+00
.000000E+00
.000000E+00
.000000E+00
.000000E+00
.000000E+00
.000000E+00
.000000E+00
.000000E+00
.000000E+00
.000000E+00
.000000E+00
.000000E+00
.000000E+00
.000000E+00
.000000E+00
.000000E+00
.000000E+00
.000000E+00
.000000E+00
.000000E+00
.000000E+00
.000000E+00
.000000E+00
.000000E+00
.000000E+00
.000000E+00
.000000E+00
.000000E+00
.000000E+00
.000000E+00
.000000E+00
.000000E+00
.000000E+00
.000000E+00
.000000E+00
.000000E+00
.000000E+00
.000000E+00
.000000E+00
.000000E+00
.000000E+00
.000000E+00
.000000E+00
.000000E+00
.000000E+00
.000000E+00
.000000E+00
.000000E+00
.000000E+00
.000000E+00
.000000E+00
.000000E+00
.000000E+00
.000000E+00
.000000E+00
.000000E+00
.000000E+00
.000000E+00
.000000E+00
.000000E+00
.000000E+00
.000000E+00
.000000E+00
.000000E+00
.000000E+00
.000000E+00
.000000E+00
.000000E+00
.000000E+00
.000000E+00
.000000E+00
.000000E+00
.000000E+00
.000000E+00
.000000E+00
.000000E+00
.000000E+00
.000000E+00
.000000E+00
.000000E+00
.000000E+00
.000000E+00
.000000E+00
.000000E+00
.000000E+00
.000000E+00
.000000E+00
.000000E+00
.000000E+00
.000000E+00
.000000E+00
.000000E+00
.000000E+00
.000000E+00
.000000E+00
.000000E+00
.000000E+00
.000000E+00
.000000E+00
.000000E+00
.000000E+00
.000000E+00
.000000E+00
.000000E+00
.000000E+00
.000000E+00
.000000E+00
.000000E+00
.000000E+00
.000000E+00
.000000E+00
.000000E+00
.000000E+00
.000000E+00
.000000E+00
.000000E+00
.000000E+00
.000000E+00
.000000E+00
.000000E+00
.000000E+00
.000000E+00
.000000E+00
.000000E+00
.000000E+00
.000000E+00
.000000E+00
.000000E+00
.000000E+00
.000000E+00
.000000E+00
.000000E+00
.000000E+00
.000000E+00
.000000E+00
.000000E+00
.000000E+00
.000000E+00
.000000E+00
.000000E+00
.000000E+00
.000000E+00
.000000E+00
.000000E+00
.000000E+00
.000000E+00
.000000E+00
.000000E+00
.000000E+00
.000000E+00
.000000E+00
.000000E+00
.000000E+00
.000000E+00
.000000E+00
.000000E+00
.000000E+00
.000000E+00
.000000E+00
.000000E+00
.000000E+00
.000000E+00
.000000E+00
.000000E+00
.000000E+00
.000000E+00
.000000E+00
.000000E+00
.000000E+00
.000000E+00
.000000E+00
.000000E+00
.000000E+00
.000000E+00
.000000E+00
.000000E+00
.000000E+00
.000000E+00
.000000E+00
.000000E+00
.000000E+00
.000000E+00
.000000E+00
.000000E+00
.000000E+00
.000000E+00
.000000E+00
.000000E+00
.000000E+00
.000000E+00
.000000E+00
.000000E+00
.000000E+00
.000000E+00
.000000E+00
.000000E+00
.000000E+00
.000000E+00
.000000E+00
.000000E+00
.000000E+00
.000000E+00
.000000E+00
.000000E+00
.000000E+00
.000000E+00
.000000E+00
.000000E+00
.000000E+00
.000000E+00
.000000E+00
.000000E+00
.000000E+00
.000000E+00
.000000E+00
.000000E+00
.000000E+00
.000000E+00
.000000E+00
.000000E+00
.000000E+00
.000000E+00
.000000E+00
.000000E+00
.000000E+00
.000000E+00
.000000E+00
.000000E+00
.000000E+00
.000000E+00
.000000E+00
.000000E+00
.000000E+00
.000000E+00
.000000E+00
.000000E+00
.000000E+00
.000000E+00
.000000E+00
.000000E+00
.000000E+00
.000000E+00
.000000E+00
.000000E+00
.000000E+00
.000000E+00
.000000E+00
.000000E+00
.000000E+00
.000000E+00
.000000E+00
.000000E+00
.000000E+00
.000000E+00
.000000E+00
.000000E+00
.000000E+00
.000000E+00
.000000E+00
.000000E+00
.000000E+00
.000000E+00
.000000E+00
.000000E+00
.000000E+00
.000000E+00
.000000E+00
.000000E+00
.000000E+00
.000000E+00
.000000E+00
.000000E+00
.000000E+00
.000000E+00
.000000E+00
.000000E+00
.000000E+00
.000000E+00
.000000E+00
.000000E+00
.000000E+00
.000000E+00
.000000E+00
.000000E+00
.000000E+00
.000000E+00
.000000E+00
.000000E+00
.000000E+00
.000000E+00
.000000E+00
.000000E+00
.000000E+00
.000000E+00
.000000E+00
.000000E+00
.000000E+00
.000000E+00
.000000E+00
.000000E+00
.000000E+00
.000000E+00
.000000E+00
.000000E+00
.000000E+00
.000000E+00
.000000E+00
.000000E+00
.000000E+00
.000000E+00
.000000E+00
.000000E+00
.000000E+00
.000000E+00
.000000E+00
.000000E+00
.000000E+00
.000000E+00
.000000E+00
.000000E+00
.000000E+00
.000000E+00
.000000E+00
.000000E+00
.000000E+00
.000000E+00
.000000E+00
.000000E+00
.000000E+00
.000000E+00
.000000E+00
.000000E+00
.000000E+00
.000000E+00
.000000E+00
.000000E+00
.000000E+00
.000000E+00
.000000E+00
.000000E+00
.000000E+00
.000000E+00
.000000E+00
.000000E+00
.000000E+00
.000000E+00
.000000E+00
.000000E+00
.000000E+00
.000000E+00
.000000E+00
.000000E+00
.000000E+00
.000000E+00
.000000E+00
.000000E+00
.000000E+00
.000000E+00
.000000E+00
.000000E+00
.000000E+00
.000000E+00
.000000E+00
.000000E+00
.000000E+00
.000000E+00
.000000E+00
.000000E+00
.000000E+00
.000000E+00
.000000E+00
.000000E+00
.000000E+00
.000000E+00
.000000E+00
.000000E+00
.000000E+00
.000000E+00
.000000E+00
.000000E+00
.000000E+00
.000000E+00
.000000E+00
.000000E+00
.000000E+00
.000000E+00
.000000E+00
.000000E+00
.000000E+00
.000000E+00
.000000E+00
.000000E+00
.000000E+00
.000000E+00
.000000E+00
.000000E+00
.000000E+00
.000000E+00
.000000E+00
.000000E+00
.000000E+00
.000000E+00
.000000E+00
.000000E+00
.000000E+00
.000000E+00
.000000E+00
.000000E+00
.000000E+00
.000000E+00
.000000E+00
.000000E+00
.000000E+00
.000000E+00
.000000E+00
.000000E+00
.000000E+00
.000000E+00
.000000E+00
.000000E+00
.000000E+00
.000000E+00
.000000E+00
.000000E+00
.000000E+00
.000000E+00
.000000E+00
.000000E+00
.000000E+00
.000000E+00
.000000E+00
.000000E+00
.000000E+00
.000000E+00
.000000E+00
.000000E+00
.000000E+00
.000000E+00
.000000E+00
.000000E+00
.000000E+00
.000000E+00
.000000E+00
.000000E+00
.000000E+00
.000000E+00
.000000E+00
.000000E+00
.000000E+00
.000000E+00
.000000E+00
.000000E+00
.000000E+00
.000000E+00
.000000E+00
.000000E+00
.000000E+00
.000000E+00
.000000E+00
.000000E+00
.000000E+00
.000000E+00
.000000E+00
.000000E+00
.000000E+00
.000000E+00
.000000E+00
.000000E+00
.000000E+00
.000000E+00
.000000E+00
.000000E+00
.000000E+00
.000000E+00
.000000E+00
.000000E+00
.000000E+00
.000000E+00
.000000E+00
.000000E+00
.000000E+00
.000000E+00
.000000E+00
.000000E+00
.000000E+00
.000000E+00
.000000E+00
.000000E+00
.000000E+00
.000000E+00
.000000E+00
.000000E+00
.000000E+00
.000000E+00
.000000E+00
.000000E+00
.000000E+00
.000000E+00
.000000E+00
.000000E+00
.000000E+00
.000000E+00
.000000E+00
.000000E+00
.000000E+00
.000000E+00
.000000E+00
.000000E+00
.000000E+00
.000000E+00
.000000E+00
.000000E+00
.000000E+00
.000000E+00
.000000E+00
.000000E+00
.000000E+00
.000000E+00
.000000E+00
.000000E+00
.000000E+00
.000000E+00
.000000E+00
.000000E+00
.000000E+00
.000000E+00
.000000E+00
.000000E+00
.000000E+00
.000000E+00
.000000E+00
.000000E+00
.000000E+00
.000000E+00
.000000E+00
.000000E+00
.000000E+00
.000000E+00
.000000E+00
.000000E+00
.000000E+00
.000000E+00
.000000E+00
.000000E+00
.000000E+00
.000000E+00
.000000E+00
.000000E+00
.000000E+00
.000000E+00
.000000E+00
.000000E+00
.000000E+00
.000000E+00
.000000E+00
.000000E+00
.000000E+00
.000000E+00
.000000E+00
.000000E+00
.000000E+00
.000000E+00
.000000E+00
.000000E+00
.000000E+00
.000000E+00
.000000E+00
.000000E+00
.000000E+00
.000000E+00
.000000E+00
.000000E+00
.000000E+00
.000000E+00
.000000E+00
.000000E+00
.000000E+00
.000000E+00
.000000E+00
.000000E+00
.000000E+00
.000000E+00
.000000E+00
.000000E+00
.000000E+00
.000000E+00
.000000E+00
.000000E+00
.000000E+00
.000000E+00
.000000E+00
.000000E+00
.000000E+00
.000000E+00
.000000E+00
.000000E+00
.000000E+00
.000000E+00
.000000E+00
.000000E+00
.000000E+00
.000000E+00
.000000E+00
.000000E+00
.000000E+00
.000000E+00
.000000E+00
.000000E+00
.000000E+00
.000000E+00
.000000E+00
.000000E+00
.000000E+00
.000000E+00
.000000E+00
.000000E+00
.000000E+00
.000000E+00
.000000E+00
.000000E+00
.000000E+00
.000000E+00
.000000E+00
.000000E+00
.000000E+00
.000000E+00
.000000E+00
.000000E+00
.000000E+00
.000000E+00
.000000E+00
.000000E+00
.000000E+00
.000000E+00
.000000E+00
.000000E+00
.000000E+00
.000000E+00
.000000E+00
.000000E+00
.000000E+00
.000000E+00
.000000E+00
.000000E+00
.000000E+00
.000000E+00
.000000E+00
.000000E+00
.000000E+00
.000000E+00
.000000E+00
.000000E+00
.000000E+00
.000000E+00
.000000E+00
.000000E+00
.000000E+00
.000000E+00
.000000E+00
.000000E+00
.000000E+00
.000000E+00
.000000E+00
.000000E+00
.000000E+00
.000000E+00
.000000E+00
.000000E+00
.000000E+00
.000000E+00
.000000E+00
.000000E+00
.000000E+00
.000000E+00
.000000E+00
.000000E+00
.000000E+00
.000000E+00
.000000E+00
.000000E+00
.000000E+00
.000000E+00
.000000E+00
.000000E+00
.000000E+00
.000000E+00
.000000E+00
.000000E+00
.000000E+00
.000000E+00
.000000E+00
.000000E+00
.000000E+00
.000000E+00
.000000E+00
.000000E+00
.000000E+00
.000000E+00
.000000E+00
.000000E+00
.000000E+00
.000000E+00
.000000E+00
.000000E+00
.000000E+00
.000000E+00
.000000E+00
.000000E+00
.000000E+00
.000000E+00
.000000E+00
.000000E+00
.000000E+00
.000000E+00
.000000E+00
.000000E+00
.000000E+00
.000000E+00
.000000E+00
.000000E+00
.000000E+00
.000000E+00
.000000E+00
.000000E+00
.000000E+00
.000000E+00
.000000E+00
.000000E+00
.000000E+00
.000000E+00
.000000E+00
.000000E+00
.000000E+00
.000000E+00
.000000E+00
.000000E+00
.000000E+00
.000000E+00
.000000E+00
.000000E+00
.000000E+00
.000000E+00
.000000E+00
.000000E+00
.000000E+00
.000000E+00
.000000E+00
.000000E+00
.000000E+00
.000000E+00
.000000E+00
.000000E+00
.000000E+00
.000000E+00
.000000E+00
.000000E+00
.000000E+00
.000000E+00
.000000E+00
.000000E+00
.000000E+00
.000000E+00
.000000E+00
.000000E+00
.000000E+00
.000000E+00
.000000E+00
.000000E+00
.000000E+00
.000000E+00
.000000E+00
.000000E+00
.000000E+00
.000000E+00
.000000E+00
.000000E+00
.000000E+00
.000000E+00
.000000E+00
.000000E+00
.000000E+00
.000000E+00
.000000E+00
.000000E+00
.000000E+00
.000000E+00
.000000E+00
.000000E+00
.000000E+00
.000000E+00
.000000E+00
.000000E+00
.000000E+00
.000000E+00
.000000E+00
.000000E+00
.000000E+00
.000000E+00
.000000E+00
.000000E+00
.000000E+00
.000000E+00
.000000E+00
.000000E+00
.000000E+00
.000000E+00
.000000E+00
.000000E+00
.000000E+00
.000000E+00
.000000E+00
.000000E+00
.000000E+00
.000000E+00
.000000E+00
.000000E+00
.000000E+00
.000000E+00
.000000E+00
.000000E+00
.000000E+00
.000000E+00
.000000E+00
.000000E+00
.000000E+00
.000000E+00
.000000E+00
.000000E+00
.000000E+00
.000000E+00
.000000E+00
.000000E+00
.000000E+00
.000000E+00
.000000E+00
.000000E+00
.000000E+00
.000000E+00
.000000E+00
.000000E+00
.000000E+00
.000000E+00
.000000E+00
.000000E+00
.000000E+00
.000000E+00
.000000E+00
.000000E+00
.000000E+00
.000000E+00
.000000E+00
.000000E+00
.000000E+00
.000000E+00
.000000E+00
.000000E+00
.000000E+00
.000000E+00
.000000E+00
.000000E+00
.000000E+00
.000000E+00
.000000E+00
.000000E+00
.000000E+00
.000000E+00
.000000E+00
.000000E+00
.000000E+00
.000000E+00
.000000E+00
.000000E+00
.000000E+00
.000000E+00
.000000E+00
.000000E+00
.000000E+00
.000000E+00
.000000E+00
.000000E+00
.000000E+00
.000000E+00
.000000E+00
.000000E+00
.000000E+00
.000000E+00
.000000E+00
.000000E+00
.000000E+00
.000000E+00
.000000E+00
.000000E+00
.000000E+00
.000000E+00
.000000E+00
.000000E+00
.000000E+00
.000000E+00
.000000E+00
.000000E+00
.000000E+00
.000000E+00
.000000E+00
.000000E+00
.000000E+00
.000000E+00
.000000E+00
.000000E+00
.000000E+00
.000000E+00
.000000E+00
.000000E+00
.000000E+00
.000000E+00
.000000E+00
.000000E+00
.000000E+00
.000000E+00
.000000E+00
.000000E+00
.000000E+00
.000000E+00
.000000E+00
.000000E+00
.000000E+00
.000000E+00
.000000E+00
.000000E+00
.000000E+00
.000000E+00
.000000E+00
.000000E+00
.000000E+00
.000000E+00
.000000E+00
.000000E+00
.000000E+00
.000000E+00
.000000E+00
.000000E+00
.000000E+00
.000000E+00
.000000E+00
.000000E+00
.000000E+00
.000000E+00
.000000E+00
.000000E+00
.000000E+00
.000000E+00
.000000E+00
.000000E+00
.000000E+00
.000000E+00
.000000E+00
.000000E+00
.000000E+00
.000000E+00
.000000E+00
.000000E+00
.000000E+00
.000000E+00
.000000E+00
.000000E+00
.000000E+00
.000000E+00
.000000E+00
.000000E+00
.000000E+00
.000000E+00
.000000E+00
.000000E+00
.000000E+00
.000000E+00
.000000E+00
.000000E+00
.000000E+00
.000000E+00
.000000E+00
.000000E+00
.000000E+00
.000000E+00
.000000E+00
.000000E+00
.000000E+00
.000000E+00
.000000E+00
.000000E+00
.000000E+00
.000000E+00
.000000E+00
.000000E+00
.000000E+00
.000000E+00
.000000E+00
.000000E+00
.000000E+00
.000000E+00
.000000E+00
.000000E+00
.000000E+00
.000000E+00
.000000E+00
.000000E+00
.000000E+00
.000000E+00
.000000E+00
.000000E+00
.000000E+00
.000000E+00
.000000E+00
.000000E+00
.000000E+00
.000000E+00
.000000E+00
.000000E+00
.000000E+00
.000000E+00
.000000E+00
.000000E+00
.000000E+00
.000000E+00
.000000E+00
.000000E+00
.000000E+00
.000000E+00
.000000E+00
.000000E+00
.000000E+00
.000000E+00
.000000E+00
.000000E+00
.000000E+00
.000000E+00
.000000E+00
.000000E+00
.000000E+00
.000000E+00
.000000E+00
.000000E+00
.000000E+00
.000000E+00
.000000E+00
.000000E+00
.000000E+00
.000000E+00
.000000E+00
.000000E+00
.000000E+00
.000000E+00
.000000E+00
.000000E+00
.000000E+00
.000000E+00
.000000E+00
.000000E+00
.000000E+00
.000000E+00
.000000E+00
.000000E+00
.000000E+00
.000000E+00
.000000E+00
.000000E+00
.000000E+00
.000000E+00
.000000E+00
.000000E+00
.000000E+00
.000000E+00
.000000E+00
.000000E+00
.000000E+00
.000000E+00
.000000E+00
.000000E+00
.000000E+00
.000000E+00
.000000E+00
.000000E+00
.000000E+00
.000000E+00
.000000E+00
.000000E+00
.000000E+00
.000000E+00
.000000E+00
.000000E+00
.000000E+00
.000000E+00
.000000E+00
.000000E+00
.000000E+00
.000000E+00
.000000E+00
.000000E+00
.000000E+00
.000000E+00
.000000E+00
.000000E+00
.000000E+00
.000000E+00
.000000E+00
.000000E+00
.000000E+00
.000000E+00
.000000E+00
.000000E+00
.000000E+00
.000000E+00
.000000E+00
.000000E+00
.000000E+00
.000000E+00
.000000E+00
.000000E+00
.000000E+00
.000000E+00
.000000E+00
.000000E+00
.000000E+00
.000000E+00
.000000E+00
.000000E+00
.000000E+00
.000000E+00
.000000E+00
.000000E+00
.000000E+00
.000000E+00
.000000E+00
.000000E+00
.000000E+00
.000000E+00
.000000E+00
.000000E+00
.000000E+00
.000000E+00
.000000E+00
.000000E+00
.000000E+00
.000000E+00
.000000E+00
.000000E+00
.000000E+00
.000000E+00
.000000E+00
.000000E+00
.000000E+00
.000000E+00
.000000E+00
.000000E+00
.000000E+00
.000000E+00
.000000E+00
.000000E+00
.000000E+00
.000000E+00
.000000E+00
.000000E+00
.000000E+00
.000000E+00
.000000E+00
.000000E+00
.000000E+00
.000000E+00
.000000E+00
.000000E+00
.000000E+00
.000000E+00
.000000E+00
.000000E+00
.000000E+00
.000000E+00
.000000E+00
.000000E+00
.000000E+00
.000000E+00
.000000E+00
.000000E+00
.000000E+00
.000000E+00
.000000E+00
.000000E+00
.000000E+00
.000000E+00
.000000E+00
.000000E+00
.000000E+00
.000000E+00
.000000E+00
.000000E+00
.000000E+00
.000000E+00
.000000E+00
.000000E+00
.000000E+00
.000000E+00
.000000E+00
.000000E+00
.000000E+00
.000000E+00
.000000E+00
.000000E+00
.000000E+00
.000000E+00
.000000E+00
.000000E+00
.000000E+00
.000000E+00
.000000E+00
.000000E+00
.000000E+00
.000000E+00
.000000E+00
.000000E+00
.000000E+00
.000000E+00
.000000E+00
.000000E+00
.000000E+00
.000000E+00
.000000E+00
.000000E+00
.000000E+00
.000000E+00
.000000E+00
.000000E+00
.000000E+00
.000000E+00
.000000E+00
.000000E+00
.000000E+00
.000000E+00
.000000E+00
.000000E+00
.000000E+00
.000000E+00
.000000E+00
.000000E+00
.000000E+00
.000000E+00
.000000E+00
.000000E+00
.000000E+00
.000000E+00
.000000E+00
.000000E+00
.000000E+00
.000000E+00
.000000E+00
.000000E+00
.000000E+00
.000000E+00
.000000E+00
.000000E+00
.000000E+00
.000000E+00
.000000E+00
.000000E+00
.000000E+00
.000000E+00
.000000E+00
.000000E+00
.000000E+00
.000000E+00
.000000E+00
.000000E+00
.000000E+00
.000000E+00
.000000E+00
.000000E+00
.000000E+00
.000000E+00
.000000E+00
.000000E+00
.000000E+00
.000000E+00
.000000E+00
.000000E+00
.000000E+00
.000000E+00
.000000E+00
.000000E+00
.000000E+00
.000000E+00
.000000E+00
.000000E+00
.000000E+00
.000000E+00
.000000E+00
.000000E+00
.000000E+00
.000000E+00
.000000E+00
.000000E+00
.000000E+00
.000000E+00
.000000E+00
.000000E+00
.000000E+00
.000000E+00
.000000E+00
.000000E+00
.000000E+00
.000000E+00
.000000E+00
.000000E+00
.000000E+00
.000000E+00
.000000E+00
.000000E+00
.000000E+00
.000000E+00
.000000E+00
.000000E+00
.000000E+00
.000000E+00
.000000E+00
.000000E+00
.000000E+00
.000000E+00
.000000E+00
.000000E+00
.000000E+00
.000000E+00
.000000E+00
.000000E+00
.000000E+00
.000000E+00
.000000E+00
.000000E+00
.000000E+00
.000000E+00
.000000E+00
.000000E+00
.000000E+00
.000000E+00
.000000E+00
.000000E+00
.000000E+00
.000000E+00
.000000E+00
.000000E+00
.000000E+00
.000000E+00
.000000E+00
.000000E+00
.000000E+00
.000000E+00
.000000E+00
.000000E+00
.000000E+00
.000000E+00
.000000E+00
.000000E+00
.000000E+00
.000000E+00
.000000E+00
.000000E+00
.000000E+00
.000000E+00
.000000E+00
.000000E+00
.000000E+00
.000000E+00
.000000E+00
.000000E+00
.000000E+00
.000000E+00
.000000E+00
.000000E+00
.000000E+00
.000000E+00
.000000E+00
.000000E+00
.000000E+00
.000000E+00
.000000E+00
.000000E+00
.000000E+00
.000000E+00
.000000E+00
.000000E+00
.000000E+00
.000000E+00
.000000E+00
.000000E+00
.000000E+00
.000000E+00
.000000E+00
.000000E+00
.000000E+00
.000000E+00
.000000E+00
.000000E+00
.000000E+00
.000000E+00
.000000E+00
.000000E+00
.000000E+00
.000000E+00
.000000E+00
.000000E+00
.000000E+00
.000000E+00
.000000E+00
.000000E+00
.000000E+00
.000000E+00
.000000E+00
.000000E+00
.000000E+00
.000000E+00
.000000E+00
.000000E+00
.000000E+00
.000000E+00
.000000E+00
.000000E+00
.000000E+00
.000000E+00
.000000E+00
.000000E+00
.000000E+00
.000000E+00
.000000E+00
.000000E+00
.000000E+00
.000000E+00
.000000E+00
.000000E+00
.000000E+00
.000000E+00
.000000E+00
.000000E+00
.000000E+00
.000000E+00
.000000E+00
.000000E+00
.000000E+00
.000000E+00
.000000E+00
.000000E+00
.000000E+00
.000000E+00
.000000E+00
.000000E+00
.000000E+00
.000000E+00
.000000E+00
.000000E+00
.000000E+00
.000000E+00
.000000E+00
.000000E+00
.000000E+00
.000000E+00
.000000E+00
.000000E+00
.000000E+00
.000000E+00
.000000E+00
.000000E+00
.000000E+00
.000000E+00
.000000E+00
.000000E+00
.000000E+00
.000000E+00
.000000E+00
.000000E+00
.000000E+00
.000000E+00
.000000E+00
.000000E+00
.000000E+00
.000000E+00
.000000E+00
.000000E+00
.000000E+00
.000000E+00
.000000E+00
.000000E+00
.000000E+00
.000000E+00
.000000E+00
.000000E+00
.000000E+00
.000000E+00
.000000E+00
.000000E+00
.000000E+00
.000000E+00
.000000E+00
.000000E+00
.000000E+00
.000000E+00
.000000E+00
.000000E+00
.000000E+00
.000000E+00
.000000E+00
.000000E+00
.000000E+00
.000000E+00
.000000E+00
.000000E+00
.000000E+00
.000000E+00
.000000E+00
.000000E+00
.000000E+00
.000000E+00
.000000E+00
.000000E+00
.000000E+00
.000000E+00
.000000E+00
.000000E+00
.000000E+00
.000000E+00
.000000E+00
.000000E+00
.000000E+00
.000000E+00
.000000E+00
.000000E+00
.000000E+00
.000000E+00
.000000E+00
.000000E+00
.000000E+00
.000000E+00
.000000E+00
.000000E+00
.000000E+00
.000000E+00
.000000E+00
.000000E+00
.000000E+00
.000000E+00
.000000E+00
.000000E+00
.000000E+00
.000000E+00
.000000E+00
.000000E+00
.000000E+00
.000000E+00
.000000E+00
.000000E+00
.000000E+00
.000000E+00
.000000E+00
.000000E+00
.000000E+00
.000000E+00
.000000E+00
.000000E+00
.000000E+00
.000000E+00
.000000E+00
.000000E+00
.000000E+00
.000000E+00
.000000E+00
.000000E+00
.000000E+00
.000000E+00
.000000E+00
.000000E+00
.000000E+00
.000000E+00
.000000E+00
.000000E+00
.000000E+00
.000000E+00
.000000E+00
.000000E+00
.000000E+00
.000000E+00
.000000E+00
.000000E+00
.000000E+00
.000000E+00
.000000E+00
.000000E+00
.000000E+00
.000000E+00
.000000E+00
.000000E+00
.000000E+00
.000000E+00
.000000E+00
.000000E+00
.000000E+00
.000000E+00
.000000E+00
.000000E+00
.000000E+00
.000000E+00
.000000E+00
.000000E+00
.000000E+00
.000000E+00
.000000E+00
.000000E+00
.000000E+00
.000000E+00
.000000E+00
.000000E+00
.000000E+00
.000000E+00
.000000E+00
.000000E+00
.000000E+00
.000000E+00
.000000E+00
.000000E+00
.000000E+00
.000000E+00
.000000E+00
.000000E+00
.000000E+00
.000000E+00
.000000E+00
.000000E+00
.000000E+00
.000000E+00
.000000E+00
.000000E+00
.000000E+00
.000000E+00
.000000E+00
.000000E+00
.000000E+00
.000000E+00
.000000E+00
.000000E+00
.000000E+00
.000000E+00
.000000E+00
.000000E+00
.000000E+00
.000000E+00
.000000E+00
.000000E+00
.000000E+00
.000000E+00
.000000E+00
.000000E+00
.000000E+00
.000000E+00
.000000E+00
.000000E+00
.000000E+00
.000000E+00
.000000E+00
.000000E+00
.000000E+00
.000000E+00
.000000E+00
.000000E+00
.000000E+00
.000000E+00
.000000E+00
.000000E+00
.000000E+00
.000000E+00
.000000E+00
.000000E+00
.000000E+00
.000000E+00
.000000E+00
.000000E+00
.000000E+00
.000000E+00
.000000E+00
.000000E+00
.000000E+00
.000000E+00
.000000E+00
.000000E+00
.000000E+00
.000000E+00
.000000E+00
.000000E+00
.000000E+00
.000000E+00
.000000E+00
.000000E+00
.000000E+00
.000000E+00
.000000E+00
.000000E+00
.000000E+00
.000000E+00
.000000E+00
.000000E+00
.000000E+00
.000000E+00
.000000E+00
.000000E+00
.000000E+00
.000000E+00
.000000E+00
.000000E+00
.000000E+00
.000000E+00
.000000E+00
.000000E+00
.000000E+00
.000000E+00
.000000E+00
.000000E+00
.000000E+00
.000000E+00
.000000E+00
.000000E+00
.000000E+00
.000000E+00
.000000E+00
.000000E+00
.000000E+00
.000000E+00
.000000E+00
.000000E+00
.000000E+00
.000000E+00
.000000E+00
.000000E+00
.000000E+00
.000000E+00
.000000E+00
.000000E+00
.000000E+00
.000000E+00
.000000E+00
.000000E+00
.000000E+00
.000000E+00
.000000E+00
.000000E+00
.000000E+00
.000000E+00
.000000E+00
.000000E+00
.000000E+00
.000000E+00
.000000E+00
.000000E+00
.000000E+00
.000000E+00
.000000E+00
.000000E+00
.000000E+00
.000000E+00
.000000E+00
.000000E+00
.000000E+00
.000000E+00
.000000E+00
.000000E+00
.000000E+00
.000000E+00
.000000E+00
.000000E+00
.000000E+00
.000000E+00
.000000E+00
.000000E+00
.000000E+00
.000000E+00
.000000E+00
.000000E+00
.000000E+00
.000000E+00
.000000E+00
.000000E+00
.000000E+00
.000000E+00
.000000E+00
.000000E+00
.000000E+00
.000000E+00
.000000E+00
.000000E+00
.000000E+00
.000000E+00
.000000E+00
.000000E+00
.000000E+00
.000000E+00
.000000E+00
.000000E+00
.000000E+00
.000000E+00
.000000E+00
.000000E+00
.000000E+00
.000000E+00
.000000E+00
.000000E+00
.000000E+00
.000000E+00
.000000E+00
.000000E+00
.000000E+00
.000000E+00
.000000E+00
.000000E+00
.000000E+00
.000000E+00
.000000E+00
.000000E+00
.000000E+00
.000000E+00
.000000E+00
.000000E+00
.000000E+00
.000000E+00
.000000E+00
.000000E+00
.000000E+00
.000000E+00
.000000E+00
.000000E+00
.000000E+00
.000000E+00
.000000E+00
.000000E+00
.000000E+00
.000000E+00
.000000E+00
.000000E+00
.000000E+00
.000000E+00
.000000E+00
.000000E+00
.000000E+00
.000000E+00
.000000E+00
.000000E+00
.000000E+00
.000000E+00
.000000E+00
.000000E+00
.000000E+00
.000000E+00
.000000E+00
.000000E+00
.000000E+00
.000000E+00
.000000E+00
.000000E+00
.000000E+00
.000000E+00
.000000E+00
.000000E+00
.000000E+00
.000000E+00
.000000E+00
.000000E+00
.000000E+00
.000000E+00
.000000E+00
.000000E+00
.000000E+00
.000000E+00
.000000E+00
.000000E+00
.000000E+00
.000000E+00
.000000E+00
.000000E+00
.000000E+00
.000000E+00
.000000E+00
.000000E+00
.000000E+00
.000000E+00
.000000E+00
.000000E+00
.000000E+00
.000000E+00
.000000E+00
.000000E+00
.000000E+00
.000000E+00
.000000E+00
.000000E+00
.000000E+00
.000000E+00
.000000E+00
.000000E+00
.000000E+00
.000000E+00
.000000E+00
.000000E+00
.000000E+00
.000000E+00
.000000E+00
.000000E+00
.000000E+00
.000000E+00
.000000E+00
.000000E+00
.000000E+00
.000000E+00
.000000E+00
.000000E+00
.000000E+00
.000000E+00
.000000E+00
.000000E+00
.000000E+00
.000000E+00
.000000E+00
.000000E+00
.000000E+00
.000000E+00
.000000E+00
.000000E+00
.000000E+00
.000000E+00
.000000E+00
.000000E+00
.000000E+00
.000000E+00
.000000E+00
.000000E+00
.000000E+00
.000000E+00
.000000E+00
.000000E+00
.000000E+00
.000000E+00
.000000E+00
.000000E+00
.000000E+00
.000000E+00
.000000E+00
.000000E+00
.000000E+00
.000000E+00
.000000E+00
.000000E+00
.000000E+00
.000000E+00
.000000E+00
.000000E+00
.000000E+00
.000000E+00
.000000E+00
.000000E+00
.000000E+00
.000000E+00
.000000E+00
.000000E+00
.000000E+00
.000000E+00
.000000E+00
.000000E+00
.000000E+00
.000000E+00
.000000E+00
.000000E+00
.000000E+00
.000000E+00
.000000E+00
.000000E+00
.000000E+00
.000000E+00
.000000E+00
.000000E+00
.000000E+00
.000000E+00
.000000E+00
.000000E+00
.000000E+00
.000000E+00
.000000E+00
.000000E+00
.000000E+00
.000000E+00
.000000E+00
.000000E+00
.000000E+00
.000000E+00
.000000E+00
.000000E+00
.000000E+00
.000000E+00
.000000E+00
.000000E+00
.000000E+00
.000000E+00
.000000E+00
.000000E+00
.000000E+00
.000000E+00
.000000E+00
.000000E+00
.000000E+00
.000000E+00
.000000E+00
.000000E+00
.000000E+00
.000000E+00
.000000E+00
.000000E+00
.000000E+00
.000000E+00
.000000E+00
.000000E+00
.000000E+00
.000000E+00
.000000E+00
.000000E+00
.000000E+00
.000000E+00
.000000E+00
.000000E+00
.000000E+00
.000000E+00
.000000E+00
.000000E+00
.000000E+00
.000000E+00
.000000E+00
.000000E+00
.000000E+00
.000000E+00
.000000E+00
.000000E+00
.000000E+00
.000000E+00
.000000E+00
.000000E+00
.000000E+00
.000000E+00
.000000E+00
.000000E+00
.000000E+00
.000000E+00
.000000E+00
.000000E+00
.000000E+00
.000000E+00
.000000E+00
.000000E+00
.000000E+00
.000000E+00
.000000E+00
.000000E+00
.000000E+00
.000000E+00
.000000E+00
.000000E+00
.000000E+00
.000000E+00
.000000E+00
.000000E+00
.000000E+00
.000000E+00
.000000E+00
.000000E+00
.000000E+00
.000000E+00
.000000E+00
.000000E+00
.000000E+00
.000000E+00
.000000E+00
.000000E+00
.000000E+00
.000000E+00
.000000E+00
.000000E+00
.000000E+00
.000000E+00
.000000E+00
.000000E+00
.000000E+00
.000000E+00
.000000E+00
.000000E+00
.000000E+00
.000000E+00
.000000E+00
.000000E+00
.000000E+00
.000000E+00
.000000E+00
.000000E+00
.000000E+00
.000000E+00
.000000E+00
.000000E+00
.000000E+00
.000000E+00
.000000E+00
.000000E+00
.000000E+00
.000000E+00
.000000E+00
.000000E+00
.000000E+00
.000000E+00
.000000E+00
.000000E+00
.000000E+00
.000000E+00
.000000E+00
.000000E+00
.000000E+00
.000000E+00
.000000E+00
.000000E+00
.000000E+00
.000000E+00
.000000E+00
.000000E+00
.000000E+00
.000000E+00
.000000E+00
.000000E+00
.000000E+00
.000000E+00
.000000E+00
.000000E+00
.000000E+00
.000000E+00
.000000E+00
.000000E+00
.000000E+00
.000000E+00
.000000E+00
.000000E+00
.000000E+00
.000000E+00
.000000E+00
.000000E+00
.000000E+00
.000000E+00
.000000E+00
.000000E+00
.000000E+00
.000000E+00
.000000E+00
.000000E+00
.000000E+00
.000000E+00
.000000E+00
.000000E+00
.000000E+00
.000000E+00
.000000E+00
.000000E+00
.000000E+00
.000000E+00
.000000E+00
.000000E+00
.000000E+00
.000000E+00
.000000E+00
.000000E+00
.000000E+00
.000000E+00
.000000E+00
.000000E+00
.000000E+00
.000000E+00
.000000E+00
.000000E+00
.000000E+00
.000000E+00
.000000E+00
.000000E+00
.000000E+00
.000000E+00
.000000E+00
.000000E+00
.000000E+00
.000000E+00
.000000E+00
.000000E+00
.000000E+00
.000000E+00
.000000E+00
.000000E+00
.000000E+00
.000000E+00
.000000E+00
.000000E+00
.000000E+00
.000000E+00
.000000E+00
.000000E+00
.000000E+00
.000000E+00
.000000E+00
.000000E+00
.000000E+00
.000000E+00
.000000E+00
.000000E+00
.000000E+00
.000000E+00
.000000E+00
.000000E+00
.000000E+00
.000000E+00
.000000E+00
.000000E+00
.000000E+00
.000000E+00
.000000E+00
.000000E+00
.000000E+00
.000000E+00
.000000E+00
.000000E+00
.000000E+00
.000000E+00
.000000E+00
.000000E+00
.000000E+00
.000000E+00
.000000E+00
.000000E+00
.000000E+00
.000000E+00
.000000E+00
.000000E+00
.000000E+00
.000000E+00
.000000E+00
.000000E+00
.000000E+00
.000000E+00
.000000E+00
.000000E+00
.000000E+00
.000000E+00
.000000E+00
.000000E+00
.000000E+00
.000000E+00
.000000E+00
.000000E+00
.000000E+00
.000000E+00
.000000E+00
.000000E+00
.000000E+00
.000000E+00
.000000E+00
.000000E+00
.000000E+00
.000000E+00
.000000E+00
.000000E+00
.000000E+00
.000000E+00
.000000E+00
.000000E+00
.000000E+00
.000000E+00
.000000E+00
.000000E+00
.000000E+00
.000000E+00
.000000E+00
.000000E+00
.000000E+00
.000000E+00
.000000E+00
.000000E+00
.000000E+00
.000000E+00
.000000E+00
.000000E+00
.000000E+00
.000000E+00
.000000E+00
.000000E+00
.000000E+00
.000000E+00
.000000E+00
.000000E+00
.000000E+00
.000000E+00
.000000E+00
.000000E+00
.000000E+00
.000000E+00
.000000E+00
.000000E+00
.000000E+00
.000000E+00
.000000E+00
.000000E+00
.000000E+00
.000000E+00
.000000E+00
.000000E+00
.000000E+00
.000000E+00
.000000E+00
.000000E+00
.000000E+00
.000000E+00
.000000E+00
.000000E+00
.000000E+00
.000000E+00
.000000E+00
.000000E+00
.000000E+00
.000000E+00
.000000E+00
.000000E+00
.000000E+00
.000000E+00
.000000E+00
.000000E+00
.000000E+00
.000000E+00
.000000E+00
.000000E+00
.000000E+00
.000000E+00
.000000E+00
.000000E+00
.000000E+00
.000000E+00
.000000E+00
.000000E+00
.000000E+00
.000000E+00
.000000E+00
.000000E+00
.000000E+00
.000000E+00
.000000E+00
.000000E+00
.000000E+00
.000000E+00
.000000E+00
.000000E+00
.000000E+00
.000000E+00
.000000E+00
.000000E+00
.000000E+00
.000000E+00
.000000E+00
.000000E+00
.000000E+00
.000000E+00
.000000E+00
.000000E+00
.000000E+00
.000000E+00
.000000E+00
.000000E+00
.000000E+00
.000000E+00
.000000E+00
.000000E+00
.000000E+00
.000000E+00
.000000E+00
.000000E+00
.000000E+00
.000000E+00
.000000E+00
.000000E+00
.000000E+00
.000000E+00
.000000E+00
.000000E+00
.000000E+00
.000000E+00
.000000E+00
.000000E+00
.000000E+00
.000000E+00
.000000E+00
.000000E+00
.000000E+00
.000000E+00
.000000E+00
.000000E+00
.000000E+00
.000000E+00
.000000E+00
.000000E+00
.000000E+00
.000000E+00
.000000E+00
.000000E+00
.000000E+00
.000000E+00
.000000E+00
.000000E+00
.000000E+00
.000000E+00
.000000E+00
.000000E+00
.000000E+00
.000000E+00
.000000E+00
.000000E+00
.000000E+00
.000000E+00
.000000E+00
.000000E+00
.000000E+00
.000000E+00
.000000E+00
.000000E+00
.000000E+00
.000000E+00
.000000E+00
.000000E+00
.000000E+00
.000000E+00
.000000E+00
.000000E+00
.000000E+00
.000000E+00
.000000E+00
.000000E+00
.000000E+00
.000000E+00
.000000E+00
.000000E+00
.000000E+00
.000000E+00
.000000E+00
.000000E+00
.000000E+00
.000000E+00
.000000E+00
.000000E+00
.000000E+00
.000000E+00
.000000E+00
.000000E+00
.000000E+00
.000000E+00
.000000E+00
.000000E+00
.000000E+00
.000000E+00
.000000E+00
.000000E+00
.000000E+00
.000000E+00
.000000E+00
.000000E+00
.000000E+00
.000000E+00
.000000E+00
.000000E+00
.000000E+00
.000000E+00
.000000E+00
.000000E+00
.000000E+00
.000000E+00
.000000E+00
.000000E+00
.000000E+00
.000000E+00
.000000E+00
.000000E+00
.000000E+00
.000000E+00
.000000E+00
.000000E+00
.000000E+00
.000000E+00
.000000E+00
.000000E+00
.000000E+00
.000000E+00
.000000E+00
.000000E+00
.000000E+00
.000000E+00
.000000E+00
.000000E+00
.000000E+00
.000000E+00
.000000E+00
.000000E+00
.000000E+00
.000000E+00
.000000E+00
.000000E+00
.000000E+00
.000000E+00
.000000E+00
.000000E+00
.000000E+00
.000000E+00
.000000E+00
.000000E+00
.000000E+00
.000000E+00
.000000E+00
.000000E+00
.000000E+00
.000000E+00
.000000E+00
.000000E+00
.000000E+00
.000000E+00
.000000E+00
.000000E+00
.000000E+00
.000000E+00
.000000E+00
.000000E+00
.000000E+00
.000000E+00
.000000E+00
.000000E+00
.000000E+00
.000000E+00
.000000E+00
.000000E+00
.000000E+00
.000000E+00
.000000E+00
.000000E+00
.000000E+00
.000000E+00
.000000E+00
.000000E+00
.000000E+00
.000000E+00
.000000E+00
.000000E+00
.000000E+00
.000000E+00
.000000E+00
.000000E+00
.000000E+00
.000000E+00
.000000E+00
.000000E+00
.000000E+00
.000000E+00
.000000E+00
.000000E+00
.000000E+00
.000000E+00
.000000E+00
.000000E+00
.000000E+00
.000000E+00
.000000E+00
.000000E+00
.000000E+00
.000000E+00
.000000E+00
.000000E+00
.000000E+00
.000000E+00
.000000E+00
.000000E+00
.000000E+00
.000000E+00
.000000E+00
.000000E+00
.000000E+00
.000000E+00
.000000E+00
.000000E+00
.000000E+00
.000000E+00
.000000E+00
.000000E+00
.000000E+00
.000000E+00
.000000E+00
.000000E+00
.000000E+00
.000000E+00
.000000E+00
.000000E+00
.000000E+00
.000000E+00
.000000E+00
.000000E+00
.000000E+00
.000000E+00
.000000E+00
.000000E+00
.000000E+00
.000000E+00
.000000E+00
.000000E+00
.000000E+00
.000000E+00
.000000E+00
.000000E+00
.000000E+00
.000000E+00
.000000E+00
.000000E+00
.000000E+00
.000000E+00
.000000E+00
.000000E+00
.000000E+00
.000000E+00
.000000E+00
.000000E+00
.000000E+00
.000000E+00
.000000E+00
.000000E+00
.000000E+00
.000000E+00
.000000E+00
.000000E+00
.000000E+00
.000000E+00
.000000E+00
.000000E+00
.000000E+00
.000000E+00
.000000E+00
.000000E+00
.000000E+00
.000000E+00
.000000E+00
.000000E+00
.000000E+00
.000000E+00
.000000E+00
.000000E+00
.000000E+00
.000000E+00
.000000E+00
.000000E+00
.000000E+00
.000000E+00
.000000E+00
.000000E+00
.000000E+00
.000000E+00
.000000E+00
.000000E+00
.000000E+00
.000000E+00
.000000E+00
.000000E+00
.000000E+00
.000000E+00
.000000E+00
.000000E+00
.000000E+00
.000000E+00
.000000E+00
.000000E+00
.000000E+00
.000000E+00
.000000E+00
.000000E+00
.000000E+00
.000000E+00
.000000E+00
.000000E+00
.000000E+00
.000000E+00
.000000E+00
.000000E+00
.000000E+00
.000000E+00
.000000E+00
.000000E+00
.000000E+00
.000000E+00
.000000E+00
.000000E+00
.000000E+00
.000000E+00
.000000E+00
.000000E+00
.000000E+00
.000000E+00
.000000E+00
.000000E+00
.000000E+00
.000000E+00
.000000E+00
.000000E+00
.000000E+00
.000000E+00
.000000E+00
.000000E+00
.000000E+00
.000000E+00
.000000E+00
.000000E+00
.000000E+00
.000000E+00
.000000E+00
.000000E+00
.000000E+00
.000000E+00
.000000E+00
.000000E+00
.000000E+00
.000000E+00
.000000E+00
.000000E+00
.000000E+00
.000000E+00
.000000E+00
.000000E+00
.000000E+00
.000000E+00
.000000E+00
.000000E+00
.000000E+00
.000000E+00
.000000E+00
.000000E+00
.000000E+00
.000000E+00
.000000E+00
.000000E+00
.000000E+00
.000000E+00
.000000E+00
.000000E+00
.000000E+00
.000000E+00
.000000E+00
.000000E+00
.000000E+00
.000000E+00
.000000E+00
.000000E+00
.000000E+00
.000000E+00
.000000E+00
.000000E+00
.000000E+00
.000000E+00
.000000E+00
.000000E+00
.000000E+00
.000000E+00
.000000E+00
.000000E+00
.000000E+00
.000000E+00
.000000E+00
.000000E+00
.000000E+00
.000000E+00
.000000E+00
.000000E+00
.000000E+00
.000000E+00
.000000E+00
.000000E+00
.000000E+00
.000000E+00
.000000E+00
.000000E+00
.000000E+00
.000000E+00
.000000E+00
.000000E+00
.000000E+00
.000000E+00
.000000E+00
.000000E+00
.000000E+00
.000000E+00
.000000E+00
.000000E+00
.000000E+00
.000000E+00
.000000E+00
.000000E+00
.000000E+00
.000000E+00
.000000E+00
.000000E+00
.000000E+00
.000000E+00
.000000E+00
.000000E+00
.000000E+00
.000000E+00
.000000E+00
.000000E+00
.000000E+00
.000000E+00
.000000E+00
.000000E+00
.000000E+00
.000000E+00
.000000E+00
.000000E+00
.000000E+00
.000000E+00
.000000E+00
.000000E+00
.000000E+00
.000000E+00
.000000E+00
.000000E+00
.000000E+00
.000000E+00
.000000E+00
.000000E+00
.000000E+00
.000000E+00
.000000E+00
.000000E+00
.000000E+00
.000000E+00
.000000E+00
.000000E+00
.000000E+00
.000000E+00
.000000E+00
.000000E+00
.000000E+00
.000000E+00
.000000E+00
.000000E+00
.000000E+00
.000000E+00
.000000E+00
.000000E+00
.000000E+00
.000000E+00
.000000E+00
.000000E+00
.000000E+00
.000000E+00
.000000E+00
.000000E+00
.000000E+00
.000000E+00
.000000E+00
.000000E+00
.000000E+00
.000000E+00
.000000E+00
.000000E+00
.000000E+00
.000000E+00
.000000E+00
.000000E+00
.000000E+00
.000000E+00
.000000E+00
.000000E+00
.000000E+00
.000000E+00
.000000E+00
.000000E+00
.000000E+00
.000000E+00
.000000E+00
.000000E+00
.000000E+00
.000000E+00
.000000E+00
.000000E+00
.000000E+00
.000000E+00
.000000E+00
.000000E+00
.000000E+00
.000000E+00
.000000E+00
.000000E+00
.000000E+00
.000000E+00
.000000E+00
.000000E+00
.000000E+00
.000000E+00
.000000E+00
.000000E+00
.000000E+00
.000000E+00
.000000E+00
.000000E+00
.000000E+00
.000000E+00
.000000E+00
.000000E+00
.000000E+00
.000000E+00
.000000E+00
.000000E+00
.000000E+00
.000000E+00
.000000E+00
.000000E+00
.000000E+00
.000000E+00
.000000E+00
.000000E+00
.000000E+00
.000000E+00
.000000E+00
.000000E+00
.000000E+00
.000000E+00
.000000E+00
.000000E+00
.000000E+00
.000000E+00
.000000E+00
.000000E+00
.000000E+00
.000000E+00
.000000E+00
.000000E+00
.000000E+00
.000000E+00
.000000E+00
.000000E+00
.000000E+00
.000000E+00
.000000E+00
.000000E+00
.000000E+00
.000000E+00
.000000E+00
.000000E+00
.000000E+00
.000000E+00
.000000E+00
.000000E+00
.000000E+00
.000000E+00
.000000E+00
.000000E+00
.000000E+00
.000000E+00
.000000E+00
.000000E+00
.000000E+00
.000000E+00
.000000E+00
.000000E+00
.000000E+00
.000000E+00
.000000E+00
.000000E+00
.000000E+00
.000000E+00
.000000E+00
.000000E+00
.000000E+00
.000000E+00
.000000E+00
.000000E+00
.000000E+00
.000000E+00
.000000E+00
.000000E+00
.000000E+00
.000000E+00
.000000E+00
.000000E+00
.000000E+00
.000000E+00
.000000E+00
.000000E+00
.000000E+00
.000000E+00
.000000E+00
.000000E+00
.000000E+00
.000000E+00
.000000E+00
.000000E+00
.000000E+00
.000000E+00
.000000E+00
.000000E+00
.000000E+00
.000000E+00
.000000E+00
.000000E+00
.000000E+00
.000000E+00
.000000E+00
.000000E+00
.000000E+00
.000000E+00
.000000E+00
.000000E+00
.000000E+00
.000000E+00
.000000E+00
.000000E+00
.000000E+00
.000000E+00
.000000E+00
.000000E+00
.000000E+00
.000000E+00
.000000E+00
.000000E+00
.000000E+00
.000000E+00
.000000E+00
.000000E+00
.000000E+00
.000000E+00
.000000E+00
.000000E+00
.000000E+00
.000000E+00
