.000000E+00
.734969E-04
.644401E-04
.720792E-04
.741192E-04
.742497E-04
.799205E-04
.854014E-04
.859654E-04
.840547E-04
.837562E-04
.850691E-04
.857287E-04
.851271E-04
.844155E-04
.849506E-04
.862344E-04
.867405E-04
.863969E-04
.861507E-04
.861259E-04
.858822E-04
.854961E-04
.853720E-04
.856474E-04
.862105E-04
.869107E-04
.875898E-04
.880627E-04
.881463E-04
.877428E-04
.869407E-04
.860336E-04
.853766E-04
.851509E-04
.852457E-04
.853866E-04
.854027E-04
.853879E-04
.856346E-04
.864346E-04
.879279E-04
.900856E-04
.927883E-04
.959231E-04
.994521E-04
.103437E-03
.108020E-03
.113377E-03
.119657E-03
.126947E-03
.135256E-03
.144513E-03
.154587E-03
.165303E-03
.176471E-03
.187885E-03
.199306E-03
.210464E-03
.221082E-03
.230938E-03
.239925E-03
.248070E-03
.255517E-03
.262479E-03
.269194E-03
.275911E-03
.282875E-03
.290308E-03
.298379E-03
.307151E-03
.316557E-03
.326393E-03
.336362E-03
.346129E-03
.355385E-03
.363894E-03
.371503E-03
.378151E-03
.383845E-03
.388650E-03
.392667E-03
.396013E-03
.398799E-03
.401115E-03
.403029E-03
.404598E-03
.405881E-03
.406959E-03
.407935E-03
.408920E-03
.410007E-03
.411248E-03
.412636E-03
.414101E-03
.415526E-03
.416770E-03
.417693E-03
.418182E-03
.418162E-03
.417599E-03
.416485E-03
.414829E-03
.412654E-03
.410001E-03
.406946E-03
.403607E-03
.400146E-03
.396752E-03
.393600E-03
.390818E-03
.388448E-03
.386440E-03
.384656E-03
.382906E-03
.380978E-03
.378689E-03
.375906E-03
.372570E-03
.368698E-03
.364371E-03
.359721E-03
.354906E-03
.350092E-03
.345433E-03
.341056E-03
.337053E-03
.333474E-03
.330327E-03
.327584E-03
.325190E-03
.323077E-03
.321178E-03
.319427E-03
.317769E-03
.316153E-03
.314532E-03
.312857E-03
.311083E-03
.309171E-03
.307097E-03
.304853E-03
.302452E-03
.299925E-03
.297314E-03
.294667E-03
.292029E-03
.289438E-03
.286924E-03
.284512E-03
.282219E-03
.280061E-03
.278053E-03
.276202E-03
.274507E-03
.272958E-03
.271531E-03
.270192E-03
.268902E-03
.267623E-03
.266329E-03
.265009E-03
.263669E-03
.262330E-03
.261023E-03
.259774E-03
.258602E-03
.257510E-03
.256487E-03
.255507E-03
.254540E-03
.253559E-03
.252544E-03
.251490E-03
.250398E-03
.249278E-03
.248139E-03
.246983E-03
.245803E-03
.244579E-03
.243286E-03
.241894E-03
.240378E-03
.238723E-03
.236929E-03
.235007E-03
.232985E-03
.230896E-03
.228779E-03
.226673E-03
.224613E-03
.222626E-03
.220736E-03
.218957E-03
.217298E-03
.215759E-03
.214332E-03
.213003E-03
.211749E-03
.210542E-03
.209352E-03
.208152E-03
.206918E-03
.205636E-03
.204303E-03
.202927E-03
.201527E-03
.200129E-03
.198760E-03
.197446E-03
.196209E-03
.195060E-03
.194003E-03
.193032E-03
.192134E-03
.191294E-03
.190495E-03
.189721E-03
.188961E-03
.188207E-03
.187454E-03
.186701E-03
.185948E-03
.185194E-03
.184438E-03
.183679E-03
.182912E-03
.182137E-03
.181348E-03
.180545E-03
.179726E-03
.178891E-03
.178042E-03
.177180E-03
.176309E-03
.175429E-03
.174544E-03
.173655E-03
.172762E-03
.171866E-03
.170967E-03
.170065E-03
.169160E-03
.168251E-03
.167340E-03
.166426E-03
.165512E-03
.164597E-03
.163686E-03
.162782E-03
.161889E-03
.161011E-03
.160154E-03
.159324E-03
.158525E-03
.157759E-03
.157028E-03
.156332E-03
.155666E-03
.155026E-03
.154402E-03
.153785E-03
.153167E-03
.152539E-03
.151896E-03
.151233E-03
.150554E-03
.149862E-03
.149168E-03
.148484E-03
.147824E-03
.147202E-03
.146630E-03
.146120E-03
.145675E-03
.145297E-03
.144981E-03
.144717E-03
.144493E-03
.144292E-03
.144100E-03
.143899E-03
.143677E-03
.143424E-03
.143132E-03
.142800E-03
.142427E-03
.142019E-03
.141582E-03
.141122E-03
.140649E-03
.140168E-03
.139689E-03
.139215E-03
.138751E-03
.138301E-03
.137867E-03
.137448E-03
.137046E-03
.136660E-03
.136289E-03
.135929E-03
.135579E-03
.135233E-03
.134886E-03
.134532E-03
.134163E-03
.133772E-03
.133350E-03
.132890E-03
.132384E-03
.131827E-03
.131217E-03
.130555E-03
.129846E-03
.129099E-03
.128326E-03
.127543E-03
.126768E-03
.126020E-03
.125318E-03
.124679E-03
.124116E-03
.123638E-03
.123248E-03
.122946E-03
.122725E-03
.122575E-03
.122480E-03
.122426E-03
.122395E-03
.122370E-03
.122336E-03
.122278E-03
.122185E-03
.122046E-03
.121856E-03
.121607E-03
.121295E-03
.120916E-03
.120470E-03
.119954E-03
.119370E-03
.118718E-03
.118003E-03
.117230E-03
.116410E-03
.115551E-03
.114669E-03
.113778E-03
.112895E-03
.112036E-03
.111220E-03
.110459E-03
.109768E-03
.109155E-03
.108625E-03
.108180E-03
.107817E-03
.107528E-03
.107303E-03
.107128E-03
.106988E-03
.106866E-03
.106744E-03
.106608E-03
.106442E-03
.106237E-03
.105984E-03
.105680E-03
.105324E-03
.104921E-03
.104479E-03
.104009E-03
.103525E-03
.103043E-03
.102578E-03
.102147E-03
.101763E-03
.101439E-03
.101183E-03
.101001E-03
.100893E-03
.100855E-03
.100879E-03
.100955E-03
.101067E-03
.101200E-03
.101337E-03
.101462E-03
.101557E-03
.101611E-03
.101613E-03
.101555E-03
.101433E-03
.101248E-03
.101002E-03
.100699E-03
.100347E-03
.999534E-04
.995269E-04
.990756E-04
.986068E-04
.981269E-04
.976409E-04
.971526E-04
.966648E-04
.961791E-04
.956967E-04
.952186E-04
.947458E-04
.942794E-04
.938213E-04
.933735E-04
.929384E-04
.925187E-04
.921169E-04
.917350E-04
.913745E-04
.910359E-04
.907186E-04
.904211E-04
.901408E-04
.898742E-04
.896174E-04
.893664E-04
.891173E-04
.888667E-04
.886121E-04
.883519E-04
.880859E-04
.878144E-04
.875392E-04
.872622E-04
.869858E-04
.867125E-04
.864442E-04
.861824E-04
.859276E-04
.856795E-04
.854368E-04
.851975E-04
.849589E-04
.847181E-04
.844720E-04
.842177E-04
.839531E-04
.836765E-04
.833872E-04
.830853E-04
.827719E-04
.824486E-04
.821179E-04
.817822E-04
.814442E-04
.811065E-04
.807710E-04
.804389E-04
.801107E-04
.797859E-04
.794626E-04
.791383E-04
.788094E-04
.784713E-04
.781190E-04
.777469E-04
.773495E-04
.769214E-04
.764578E-04
.759548E-04
.754096E-04
.748207E-04
.741884E-04
.735145E-04
.728029E-04
.720587E-04
.712889E-04
.705018E-04
.697065E-04
.689127E-04
.681304E-04
.673694E-04
.666386E-04
.659460E-04
.652984E-04
.647006E-04
.641561E-04
.636665E-04
.632315E-04
.628496E-04
.625176E-04
.622315E-04
.619864E-04
.617769E-04
.615972E-04
.614419E-04
.613053E-04
.611825E-04
.610688E-04
.609598E-04
.608518E-04
.607413E-04
.606252E-04
.605006E-04
.603648E-04
.602153E-04
.600496E-04
.598655E-04
.596612E-04
.594349E-04
.591855E-04
.589124E-04
.586156E-04
.582957E-04
.579545E-04
.575940E-04
.572176E-04
.568290E-04
.564327E-04
.560334E-04
.556365E-04
.552473E-04
.548708E-04
.545120E-04
.541753E-04
.538645E-04
.535827E-04
.533319E-04
.531133E-04
.529271E-04
.527723E-04
.526472E-04
.525489E-04
.524738E-04
.524175E-04
.523751E-04
.523413E-04
.523104E-04
.522768E-04
.522351E-04
.521802E-04
.521076E-04
.520136E-04
.518952E-04
.517505E-04
.515788E-04
.513803E-04
.511563E-04
.509092E-04
.506421E-04
.503588E-04
.500639E-04
.497619E-04
.494578E-04
.491562E-04
.488616E-04
.485780E-04
.483087E-04
.480564E-04
.478230E-04
.476098E-04
.474172E-04
.472450E-04
.470922E-04
.469578E-04
.468398E-04
.467364E-04
.466454E-04
.465646E-04
.464920E-04
.464255E-04
.463633E-04
.463038E-04
.462458E-04
.461882E-04
.461303E-04
.460715E-04
.460115E-04
.459504E-04
.458881E-04
.458248E-04
.457608E-04
.456965E-04
.456321E-04
.455681E-04
.455046E-04
.454420E-04
.453805E-04
.453202E-04
.452612E-04
.452038E-04
.451477E-04
.450932E-04
.450400E-04
.449880E-04
.449372E-04
.448872E-04
.448378E-04
.447885E-04
.447390E-04
.446887E-04
.446372E-04
.445837E-04
.445278E-04
.444688E-04
.444063E-04
.443398E-04
.442691E-04
.441940E-04
.441145E-04
.440307E-04
.439432E-04
.438524E-04
.437593E-04
.436647E-04
.435701E-04
.434769E-04
.433869E-04
.433024E-04
.432262E-04
.431616E-04
.431129E-04
.430855E-04
.430863E-04
.431238E-04
.432089E-04
.433552E-04
.435795E-04
.439022E-04
.443479E-04
.449461E-04
.457310E-04
.467421E-04
.480240E-04
.496264E-04
.516031E-04
.540112E-04
.569096E-04
.603574E-04
.644114E-04
.691225E-04
.745338E-04
.806762E-04
.875653E-04
.951978E-04
.103547E-03
.112561E-03
.122161E-03
.132241E-03
.142664E-03
.153267E-03
.163863E-03
.174246E-03
.184195E-03
.193482E-03
.201879E-03
.209168E-03
.215149E-03
.219648E-03
.222521E-03
.223668E-03
.223030E-03
.220597E-03
.216406E-03
.210540E-03
.203125E-03
.194325E-03
.184333E-03
.173368E-03
.161663E-03
.149455E-03
.136979E-03
.124459E-03
.112106E-03
.100101E-03
.886053E-04
.777453E-04
.676216E-04
.583021E-04
.498270E-04
.422109E-04
.354450E-04
.295026E-04
.243407E-04
.199055E-04
.161350E-04
.129638E-04
.103241E-04
.814954E-05
.637628E-05
.494480E-05
.380093E-05
.289589E-05
.218688E-05
.163688E-05
.121437E-05
.892973E-06
.650839E-06
.470169E-06
.336645E-06
.238915E-06
.168058E-06
.117171E-06
.809696E-07
.554572E-07
.376484E-07
.253324E-07
.168946E-07
.111677E-07
.731656E-08
.475120E-08
.305801E-08
.195082E-08
.123345E-08
.772997E-09
.480146E-09
.295602E-09
.180376E-09
.109087E-09
.653905E-10
.388492E-10
.228754E-10
.133489E-10
.772030E-11
.442407E-11
.251179E-11
.141131E-11
.785750E-12
.434868E-12
.472480E-14
.000000E+00
.000000E+00
.000000E+00
.000000E+00
.000000E+00
.000000E+00
.000000E+00
.000000E+00
.000000E+00
.000000E+00
.000000E+00
.000000E+00
.000000E+00
.000000E+00
.000000E+00
.000000E+00
.000000E+00
.000000E+00
.000000E+00
.000000E+00
.000000E+00
.000000E+00
.000000E+00
.000000E+00
.000000E+00
.000000E+00
.000000E+00
.000000E+00
.000000E+00
.000000E+00
.000000E+00
.000000E+00
.000000E+00
.000000E+00
.000000E+00
.000000E+00
.000000E+00
.000000E+00
.000000E+00
.000000E+00
.000000E+00
.000000E+00
.000000E+00
.000000E+00
.000000E+00
.000000E+00
.000000E+00
.000000E+00
.000000E+00
.000000E+00
.000000E+00
.000000E+00
.000000E+00
.000000E+00
.000000E+00
.000000E+00
.000000E+00
.000000E+00
.000000E+00
.000000E+00
.000000E+00
.000000E+00
.000000E+00
.000000E+00
.000000E+00
.000000E+00
.000000E+00
.000000E+00
.000000E+00
.000000E+00
.000000E+00
.000000E+00
.000000E+00
.000000E+00
.000000E+00
.000000E+00
.000000E+00
.000000E+00
.000000E+00
.000000E+00
.000000E+00
.000000E+00
.000000E+00
.000000E+00
.000000E+00
.000000E+00
.000000E+00
.000000E+00
.000000E+00
.000000E+00
.000000E+00
.000000E+00
.000000E+00
.000000E+00
.000000E+00
.000000E+00
.000000E+00
.000000E+00
.000000E+00
.000000E+00
.000000E+00
.000000E+00
.000000E+00
.000000E+00
.000000E+00
.000000E+00
.000000E+00
.000000E+00
.000000E+00
.000000E+00
.000000E+00
.000000E+00
.000000E+00
.000000E+00
.000000E+00
.000000E+00
.000000E+00
.000000E+00
.000000E+00
.000000E+00
.000000E+00
.000000E+00
.000000E+00
.000000E+00
.000000E+00
.000000E+00
.000000E+00
.000000E+00
.000000E+00
.000000E+00
.000000E+00
.000000E+00
.000000E+00
.000000E+00
.000000E+00
.000000E+00
.000000E+00
.000000E+00
.000000E+00
.000000E+00
.000000E+00
.000000E+00
.000000E+00
.000000E+00
.000000E+00
.000000E+00
.000000E+00
.000000E+00
.000000E+00
.000000E+00
.000000E+00
.000000E+00
.000000E+00
.000000E+00
.000000E+00
.000000E+00
.000000E+00
.000000E+00
.000000E+00
.000000E+00
.000000E+00
.000000E+00
.000000E+00
.000000E+00
.000000E+00
.000000E+00
.000000E+00
.000000E+00
.000000E+00
.000000E+00
.000000E+00
.000000E+00
.000000E+00
.000000E+00
.000000E+00
.000000E+00
.000000E+00
.000000E+00
.000000E+00
.000000E+00
.000000E+00
.000000E+00
.000000E+00
.000000E+00
.000000E+00
.000000E+00
.000000E+00
.000000E+00
.000000E+00
.000000E+00
.000000E+00
.000000E+00
.000000E+00
.000000E+00
.000000E+00
.000000E+00
.000000E+00
.000000E+00
.000000E+00
.000000E+00
.000000E+00
.000000E+00
.000000E+00
.000000E+00
.000000E+00
.000000E+00
.000000E+00
.000000E+00
.000000E+00
.000000E+00
.000000E+00
.000000E+00
.000000E+00
.000000E+00
.000000E+00
.000000E+00
.000000E+00
.000000E+00
.000000E+00
.000000E+00
.000000E+00
.000000E+00
.000000E+00
.000000E+00
.000000E+00
.000000E+00
.000000E+00
.000000E+00
.000000E+00
.000000E+00
.000000E+00
.000000E+00
.000000E+00
.000000E+00
.000000E+00
.000000E+00
.000000E+00
.000000E+00
.000000E+00
.000000E+00
.000000E+00
.000000E+00
.000000E+00
.000000E+00
.000000E+00
.000000E+00
.000000E+00
.000000E+00
.000000E+00
.000000E+00
.000000E+00
.000000E+00
.000000E+00
.000000E+00
.000000E+00
.000000E+00
.000000E+00
.000000E+00
.000000E+00
.000000E+00
.000000E+00
.000000E+00
.000000E+00
.000000E+00
.000000E+00
.000000E+00
.000000E+00
.000000E+00
.000000E+00
.000000E+00
.000000E+00
.000000E+00
.000000E+00
.000000E+00
.000000E+00
.000000E+00
.000000E+00
.000000E+00
.000000E+00
.000000E+00
.000000E+00
.000000E+00
.000000E+00
.000000E+00
.000000E+00
.000000E+00
.000000E+00
.000000E+00
.000000E+00
.000000E+00
.000000E+00
.000000E+00
.000000E+00
.000000E+00
.000000E+00
.000000E+00
.000000E+00
.000000E+00
.000000E+00
.000000E+00
.000000E+00
.000000E+00
.000000E+00
.000000E+00
.000000E+00
.000000E+00
.000000E+00
.000000E+00
.000000E+00
.000000E+00
.000000E+00
.000000E+00
.000000E+00
.000000E+00
.000000E+00
.000000E+00
.000000E+00
.000000E+00
.000000E+00
.000000E+00
.000000E+00
.000000E+00
.000000E+00
.000000E+00
.000000E+00
.000000E+00
.000000E+00
.000000E+00
.000000E+00
.000000E+00
.000000E+00
.000000E+00
.000000E+00
.000000E+00
.000000E+00
.000000E+00
.000000E+00
.000000E+00
.000000E+00
.000000E+00
.000000E+00
.000000E+00
.000000E+00
.000000E+00
.000000E+00
.000000E+00
.000000E+00
.000000E+00
.000000E+00
.000000E+00
.000000E+00
.000000E+00
.000000E+00
.000000E+00
.000000E+00
.000000E+00
.000000E+00
.000000E+00
.000000E+00
.000000E+00
.000000E+00
.000000E+00
.000000E+00
.000000E+00
.000000E+00
.000000E+00
.000000E+00
.000000E+00
.000000E+00
.000000E+00
.000000E+00
.000000E+00
.000000E+00
.000000E+00
.000000E+00
.000000E+00
.000000E+00
.000000E+00
.000000E+00
.000000E+00
.000000E+00
.000000E+00
.000000E+00
.000000E+00
.000000E+00
.000000E+00
.000000E+00
.000000E+00
.000000E+00
.000000E+00
.000000E+00
.000000E+00
.000000E+00
.000000E+00
.000000E+00
.000000E+00
.000000E+00
.000000E+00
.000000E+00
.000000E+00
.000000E+00
.000000E+00
.000000E+00
.000000E+00
.000000E+00
.000000E+00
.000000E+00
.000000E+00
.000000E+00
.000000E+00
.000000E+00
.000000E+00
.000000E+00
.000000E+00
.000000E+00
.000000E+00
.000000E+00
.000000E+00
.000000E+00
.000000E+00
.000000E+00
.000000E+00
.000000E+00
.000000E+00
.000000E+00
.000000E+00
.000000E+00
.000000E+00
.000000E+00
.000000E+00
.000000E+00
.000000E+00
.000000E+00
.000000E+00
.000000E+00
.000000E+00
.000000E+00
.000000E+00
.000000E+00
.000000E+00
.000000E+00
.000000E+00
.000000E+00
.000000E+00
.000000E+00
.000000E+00
.000000E+00
.000000E+00
.000000E+00
.000000E+00
.000000E+00
.000000E+00
.000000E+00
.000000E+00
.000000E+00
.000000E+00
.000000E+00
.000000E+00
.000000E+00
.000000E+00
.000000E+00
.000000E+00
.000000E+00
.000000E+00
.000000E+00
.000000E+00
.000000E+00
.000000E+00
.000000E+00
.000000E+00
.000000E+00
.000000E+00
.000000E+00
.000000E+00
.000000E+00
.000000E+00
.000000E+00
.000000E+00
.000000E+00
.000000E+00
.000000E+00
.000000E+00
.000000E+00
.000000E+00
.000000E+00
.000000E+00
.000000E+00
.000000E+00
.000000E+00
.000000E+00
.000000E+00
.000000E+00
.000000E+00
.000000E+00
.000000E+00
.000000E+00
.000000E+00
.000000E+00
.000000E+00
.000000E+00
.000000E+00
.000000E+00
.000000E+00
.000000E+00
.000000E+00
.000000E+00
.000000E+00
.000000E+00
.000000E+00
.000000E+00
.000000E+00
.000000E+00
.000000E+00
.000000E+00
.000000E+00
.000000E+00
.000000E+00
.000000E+00
.000000E+00
.000000E+00
.000000E+00
.000000E+00
.000000E+00
.000000E+00
.000000E+00
.000000E+00
.000000E+00
.000000E+00
.000000E+00
.000000E+00
.000000E+00
.000000E+00
.000000E+00
.000000E+00
.000000E+00
.000000E+00
.000000E+00
.000000E+00
.000000E+00
.000000E+00
.000000E+00
.000000E+00
.000000E+00
.000000E+00
.000000E+00
.000000E+00
.000000E+00
.000000E+00
.000000E+00
.000000E+00
.000000E+00
.000000E+00
.000000E+00
.000000E+00
.000000E+00
.000000E+00
.000000E+00
.000000E+00
.000000E+00
.000000E+00
.000000E+00
.000000E+00
.000000E+00
.000000E+00
.000000E+00
.000000E+00
.000000E+00
.000000E+00
.000000E+00
.000000E+00
.000000E+00
.000000E+00
.000000E+00
.000000E+00
.000000E+00
.000000E+00
.000000E+00
.000000E+00
.000000E+00
.000000E+00
.000000E+00
.000000E+00
.000000E+00
.000000E+00
.000000E+00
.000000E+00
.000000E+00
.000000E+00
.000000E+00
.000000E+00
.000000E+00
.000000E+00
.000000E+00
.000000E+00
.000000E+00
.000000E+00
.000000E+00
.000000E+00
.000000E+00
.000000E+00
.000000E+00
.000000E+00
.000000E+00
.000000E+00
.000000E+00
.000000E+00
.000000E+00
.000000E+00
.000000E+00
.000000E+00
.000000E+00
.000000E+00
.000000E+00
.000000E+00
.000000E+00
.000000E+00
.000000E+00
.000000E+00
.000000E+00
.000000E+00
.000000E+00
.000000E+00
.000000E+00
.000000E+00
.000000E+00
.000000E+00
.000000E+00
.000000E+00
.000000E+00
.000000E+00
.000000E+00
.000000E+00
.000000E+00
.000000E+00
.000000E+00
.000000E+00
.000000E+00
.000000E+00
.000000E+00
.000000E+00
.000000E+00
.000000E+00
.000000E+00
.000000E+00
.000000E+00
.000000E+00
.000000E+00
.000000E+00
.000000E+00
.000000E+00
.000000E+00
.000000E+00
.000000E+00
.000000E+00
.000000E+00
.000000E+00
.000000E+00
.000000E+00
.000000E+00
.000000E+00
.000000E+00
.000000E+00
.000000E+00
.000000E+00
.000000E+00
.000000E+00
.000000E+00
.000000E+00
.000000E+00
.000000E+00
.000000E+00
.000000E+00
.000000E+00
.000000E+00
.000000E+00
.000000E+00
.000000E+00
.000000E+00
.000000E+00
.000000E+00
.000000E+00
.000000E+00
.000000E+00
.000000E+00
.000000E+00
.000000E+00
.000000E+00
.000000E+00
.000000E+00
.000000E+00
.000000E+00
.000000E+00
.000000E+00
.000000E+00
.000000E+00
.000000E+00
.000000E+00
.000000E+00
.000000E+00
.000000E+00
.000000E+00
.000000E+00
.000000E+00
.000000E+00
.000000E+00
.000000E+00
.000000E+00
.000000E+00
.000000E+00
.000000E+00
.000000E+00
.000000E+00
.000000E+00
.000000E+00
.000000E+00
.000000E+00
.000000E+00
.000000E+00
.000000E+00
.000000E+00
.000000E+00
.000000E+00
.000000E+00
.000000E+00
.000000E+00
.000000E+00
.000000E+00
.000000E+00
.000000E+00
.000000E+00
.000000E+00
.000000E+00
.000000E+00
.000000E+00
.000000E+00
.000000E+00
.000000E+00
.000000E+00
.000000E+00
.000000E+00
.000000E+00
.000000E+00
.000000E+00
.000000E+00
.000000E+00
.000000E+00
.000000E+00
.000000E+00
.000000E+00
.000000E+00
.000000E+00
.000000E+00
.000000E+00
.000000E+00
.000000E+00
.000000E+00
.000000E+00
.000000E+00
.000000E+00
.000000E+00
.000000E+00
.000000E+00
.000000E+00
.000000E+00
.000000E+00
.000000E+00
.000000E+00
.000000E+00
.000000E+00
.000000E+00
.000000E+00
.000000E+00
.000000E+00
.000000E+00
.000000E+00
.000000E+00
.000000E+00
.000000E+00
.000000E+00
.000000E+00
.000000E+00
.000000E+00
.000000E+00
.000000E+00
.000000E+00
.000000E+00
.000000E+00
.000000E+00
.000000E+00
.000000E+00
.000000E+00
.000000E+00
.000000E+00
.000000E+00
.000000E+00
.000000E+00
.000000E+00
.000000E+00
.000000E+00
.000000E+00
.000000E+00
.000000E+00
.000000E+00
.000000E+00
.000000E+00
.000000E+00
.000000E+00
.000000E+00
.000000E+00
.000000E+00
.000000E+00
.000000E+00
.000000E+00
.000000E+00
.000000E+00
.000000E+00
.000000E+00
.000000E+00
.000000E+00
.000000E+00
.000000E+00
.000000E+00
.000000E+00
.000000E+00
.000000E+00
.000000E+00
.000000E+00
.000000E+00
.000000E+00
.000000E+00
.000000E+00
.000000E+00
.000000E+00
.000000E+00
.000000E+00
.000000E+00
.000000E+00
.000000E+00
.000000E+00
.000000E+00
.000000E+00
.000000E+00
.000000E+00
.000000E+00
.000000E+00
.000000E+00
.000000E+00
.000000E+00
.000000E+00
.000000E+00
.000000E+00
.000000E+00
.000000E+00
.000000E+00
.000000E+00
.000000E+00
.000000E+00
.000000E+00
.000000E+00
.000000E+00
.000000E+00
.000000E+00
.000000E+00
.000000E+00
.000000E+00
.000000E+00
.000000E+00
.000000E+00
.000000E+00
.000000E+00
.000000E+00
.000000E+00
.000000E+00
.000000E+00
.000000E+00
.000000E+00
.000000E+00
.000000E+00
.000000E+00
.000000E+00
.000000E+00
.000000E+00
.000000E+00
.000000E+00
.000000E+00
.000000E+00
.000000E+00
.000000E+00
.000000E+00
.000000E+00
.000000E+00
.000000E+00
.000000E+00
.000000E+00
.000000E+00
.000000E+00
.000000E+00
.000000E+00
.000000E+00
.000000E+00
.000000E+00
.000000E+00
.000000E+00
.000000E+00
.000000E+00
.000000E+00
.000000E+00
.000000E+00
.000000E+00
.000000E+00
.000000E+00
.000000E+00
.000000E+00
.000000E+00
.000000E+00
.000000E+00
.000000E+00
.000000E+00
.000000E+00
.000000E+00
.000000E+00
.000000E+00
.000000E+00
.000000E+00
.000000E+00
.000000E+00
.000000E+00
.000000E+00
.000000E+00
.000000E+00
.000000E+00
.000000E+00
.000000E+00
.000000E+00
.000000E+00
.000000E+00
.000000E+00
.000000E+00
.000000E+00
.000000E+00
.000000E+00
.000000E+00
.000000E+00
.000000E+00
.000000E+00
.000000E+00
.000000E+00
.000000E+00
.000000E+00
.000000E+00
.000000E+00
.000000E+00
.000000E+00
.000000E+00
.000000E+00
.000000E+00
.000000E+00
.000000E+00
.000000E+00
.000000E+00
.000000E+00
.000000E+00
.000000E+00
.000000E+00
.000000E+00
.000000E+00
.000000E+00
.000000E+00
.000000E+00
.000000E+00
.000000E+00
.000000E+00
.000000E+00
.000000E+00
.000000E+00
.000000E+00
.000000E+00
.000000E+00
.000000E+00
.000000E+00
.000000E+00
.000000E+00
.000000E+00
.000000E+00
.000000E+00
.000000E+00
.000000E+00
.000000E+00
.000000E+00
.000000E+00
.000000E+00
.000000E+00
.000000E+00
.000000E+00
.000000E+00
.000000E+00
.000000E+00
.000000E+00
.000000E+00
.000000E+00
.000000E+00
.000000E+00
.000000E+00
.000000E+00
.000000E+00
.000000E+00
.000000E+00
.000000E+00
.000000E+00
.000000E+00
.000000E+00
.000000E+00
.000000E+00
.000000E+00
.000000E+00
.000000E+00
.000000E+00
.000000E+00
.000000E+00
.000000E+00
.000000E+00
.000000E+00
.000000E+00
.000000E+00
.000000E+00
.000000E+00
.000000E+00
.000000E+00
.000000E+00
.000000E+00
.000000E+00
.000000E+00
.000000E+00
.000000E+00
.000000E+00
.000000E+00
.000000E+00
.000000E+00
.000000E+00
.000000E+00
.000000E+00
.000000E+00
.000000E+00
.000000E+00
.000000E+00
.000000E+00
.000000E+00
.000000E+00
.000000E+00
.000000E+00
.000000E+00
.000000E+00
.000000E+00
.000000E+00
.000000E+00
.000000E+00
.000000E+00
.000000E+00
.000000E+00
.000000E+00
.000000E+00
.000000E+00
.000000E+00
.000000E+00
.000000E+00
.000000E+00
.000000E+00
.000000E+00
.000000E+00
.000000E+00
.000000E+00
.000000E+00
.000000E+00
.000000E+00
.000000E+00
.000000E+00
.000000E+00
.000000E+00
.000000E+00
.000000E+00
.000000E+00
.000000E+00
.000000E+00
.000000E+00
.000000E+00
.000000E+00
.000000E+00
.000000E+00
.000000E+00
.000000E+00
.000000E+00
.000000E+00
.000000E+00
.000000E+00
.000000E+00
.000000E+00
.000000E+00
.000000E+00
.000000E+00
.000000E+00
.000000E+00
.000000E+00
.000000E+00
.000000E+00
.000000E+00
.000000E+00
.000000E+00
.000000E+00
.000000E+00
.000000E+00
.000000E+00
.000000E+00
.000000E+00
.000000E+00
.000000E+00
.000000E+00
.000000E+00
.000000E+00
.000000E+00
.000000E+00
.000000E+00
.000000E+00
.000000E+00
.000000E+00
.000000E+00
.000000E+00
.000000E+00
.000000E+00
.000000E+00
.000000E+00
.000000E+00
.000000E+00
.000000E+00
.000000E+00
.000000E+00
.000000E+00
.000000E+00
.000000E+00
.000000E+00
.000000E+00
.000000E+00
.000000E+00
.000000E+00
.000000E+00
.000000E+00
.000000E+00
.000000E+00
.000000E+00
.000000E+00
.000000E+00
.000000E+00
.000000E+00
.000000E+00
.000000E+00
.000000E+00
.000000E+00
.000000E+00
.000000E+00
.000000E+00
.000000E+00
.000000E+00
.000000E+00
.000000E+00
.000000E+00
.000000E+00
.000000E+00
.000000E+00
.000000E+00
.000000E+00
.000000E+00
.000000E+00
.000000E+00
.000000E+00
.000000E+00
.000000E+00
.000000E+00
.000000E+00
.000000E+00
.000000E+00
.000000E+00
.000000E+00
.000000E+00
.000000E+00
.000000E+00
.000000E+00
.000000E+00
.000000E+00
.000000E+00
.000000E+00
.000000E+00
.000000E+00
.000000E+00
.000000E+00
.000000E+00
.000000E+00
.000000E+00
.000000E+00
.000000E+00
.000000E+00
.000000E+00
.000000E+00
.000000E+00
.000000E+00
.000000E+00
.000000E+00
.000000E+00
.000000E+00
.000000E+00
.000000E+00
.000000E+00
.000000E+00
.000000E+00
.000000E+00
.000000E+00
.000000E+00
.000000E+00
.000000E+00
.000000E+00
.000000E+00
.000000E+00
.000000E+00
.000000E+00
.000000E+00
.000000E+00
.000000E+00
.000000E+00
.000000E+00
.000000E+00
.000000E+00
.000000E+00
.000000E+00
.000000E+00
.000000E+00
.000000E+00
.000000E+00
.000000E+00
.000000E+00
.000000E+00
.000000E+00
.000000E+00
.000000E+00
.000000E+00
.000000E+00
.000000E+00
.000000E+00
.000000E+00
.000000E+00
.000000E+00
.000000E+00
.000000E+00
.000000E+00
.000000E+00
.000000E+00
.000000E+00
.000000E+00
.000000E+00
.000000E+00
.000000E+00
.000000E+00
.000000E+00
.000000E+00
.000000E+00
.000000E+00
.000000E+00
.000000E+00
.000000E+00
.000000E+00
.000000E+00
.000000E+00
.000000E+00
.000000E+00
.000000E+00
.000000E+00
.000000E+00
.000000E+00
.000000E+00
.000000E+00
.000000E+00
.000000E+00
.000000E+00
.000000E+00
.000000E+00
.000000E+00
.000000E+00
.000000E+00
.000000E+00
.000000E+00
.000000E+00
.000000E+00
.000000E+00
.000000E+00
.000000E+00
.000000E+00
.000000E+00
.000000E+00
.000000E+00
.000000E+00
.000000E+00
.000000E+00
.000000E+00
.000000E+00
.000000E+00
.000000E+00
.000000E+00
.000000E+00
.000000E+00
.000000E+00
.000000E+00
.000000E+00
.000000E+00
.000000E+00
.000000E+00
.000000E+00
.000000E+00
.000000E+00
.000000E+00
.000000E+00
.000000E+00
.000000E+00
.000000E+00
.000000E+00
.000000E+00
.000000E+00
.000000E+00
.000000E+00
.000000E+00
.000000E+00
.000000E+00
.000000E+00
.000000E+00
.000000E+00
.000000E+00
.000000E+00
.000000E+00
.000000E+00
.000000E+00
.000000E+00
.000000E+00
.000000E+00
.000000E+00
.000000E+00
.000000E+00
.000000E+00
.000000E+00
.000000E+00
.000000E+00
.000000E+00
.000000E+00
.000000E+00
.000000E+00
.000000E+00
.000000E+00
.000000E+00
.000000E+00
.000000E+00
.000000E+00
.000000E+00
.000000E+00
.000000E+00
.000000E+00
.000000E+00
.000000E+00
.000000E+00
.000000E+00
.000000E+00
.000000E+00
.000000E+00
.000000E+00
.000000E+00
.000000E+00
.000000E+00
.000000E+00
.000000E+00
.000000E+00
.000000E+00
.000000E+00
.000000E+00
.000000E+00
.000000E+00
.000000E+00
.000000E+00
.000000E+00
.000000E+00
.000000E+00
.000000E+00
.000000E+00
.000000E+00
.000000E+00
.000000E+00
.000000E+00
.000000E+00
.000000E+00
.000000E+00
.000000E+00
.000000E+00
.000000E+00
.000000E+00
.000000E+00
.000000E+00
.000000E+00
.000000E+00
.000000E+00
.000000E+00
.000000E+00
.000000E+00
.000000E+00
.000000E+00
.000000E+00
.000000E+00
.000000E+00
.000000E+00
.000000E+00
.000000E+00
.000000E+00
.000000E+00
.000000E+00
.000000E+00
.000000E+00
.000000E+00
.000000E+00
.000000E+00
.000000E+00
.000000E+00
.000000E+00
.000000E+00
.000000E+00
.000000E+00
.000000E+00
.000000E+00
.000000E+00
.000000E+00
.000000E+00
.000000E+00
.000000E+00
.000000E+00
.000000E+00
.000000E+00
.000000E+00
.000000E+00
.000000E+00
.000000E+00
.000000E+00
.000000E+00
.000000E+00
.000000E+00
.000000E+00
.000000E+00
.000000E+00
.000000E+00
.000000E+00
.000000E+00
.000000E+00
.000000E+00
.000000E+00
.000000E+00
.000000E+00
.000000E+00
.000000E+00
.000000E+00
.000000E+00
.000000E+00
.000000E+00
.000000E+00
.000000E+00
.000000E+00
.000000E+00
.000000E+00
.000000E+00
.000000E+00
.000000E+00
.000000E+00
.000000E+00
.000000E+00
.000000E+00
.000000E+00
.000000E+00
.000000E+00
.000000E+00
.000000E+00
.000000E+00
.000000E+00
.000000E+00
.000000E+00
.000000E+00
.000000E+00
.000000E+00
.000000E+00
.000000E+00
.000000E+00
.000000E+00
.000000E+00
.000000E+00
.000000E+00
.000000E+00
.000000E+00
.000000E+00
.000000E+00
.000000E+00
.000000E+00
.000000E+00
.000000E+00
.000000E+00
.000000E+00
.000000E+00
.000000E+00
.000000E+00
.000000E+00
.000000E+00
.000000E+00
.000000E+00
.000000E+00
.000000E+00
.000000E+00
.000000E+00
.000000E+00
.000000E+00
.000000E+00
.000000E+00
.000000E+00
.000000E+00
.000000E+00
.000000E+00
.000000E+00
.000000E+00
.000000E+00
.000000E+00
.000000E+00
.000000E+00
.000000E+00
.000000E+00
.000000E+00
.000000E+00
.000000E+00
.000000E+00
.000000E+00
.000000E+00
.000000E+00
.000000E+00
.000000E+00
.000000E+00
.000000E+00
.000000E+00
.000000E+00
.000000E+00
.000000E+00
.000000E+00
.000000E+00
.000000E+00
.000000E+00
.000000E+00
.000000E+00
.000000E+00
.000000E+00
.000000E+00
.000000E+00
.000000E+00
.000000E+00
.000000E+00
.000000E+00
.000000E+00
.000000E+00
.000000E+00
.000000E+00
.000000E+00
.000000E+00
.000000E+00
.000000E+00
.000000E+00
.000000E+00
.000000E+00
.000000E+00
.000000E+00
.000000E+00
.000000E+00
.000000E+00
.000000E+00
.000000E+00
.000000E+00
.000000E+00
.000000E+00
.000000E+00
.000000E+00
.000000E+00
.000000E+00
.000000E+00
.000000E+00
.000000E+00
.000000E+00
.000000E+00
.000000E+00
.000000E+00
.000000E+00
.000000E+00
.000000E+00
.000000E+00
.000000E+00
.000000E+00
.000000E+00
.000000E+00
.000000E+00
.000000E+00
.000000E+00
.000000E+00
.000000E+00
.000000E+00
.000000E+00
.000000E+00
.000000E+00
.000000E+00
.000000E+00
.000000E+00
.000000E+00
.000000E+00
.000000E+00
.000000E+00
.000000E+00
.000000E+00
.000000E+00
.000000E+00
.000000E+00
.000000E+00
.000000E+00
.000000E+00
.000000E+00
.000000E+00
.000000E+00
.000000E+00
.000000E+00
.000000E+00
.000000E+00
.000000E+00
.000000E+00
.000000E+00
.000000E+00
.000000E+00
.000000E+00
.000000E+00
.000000E+00
.000000E+00
.000000E+00
.000000E+00
.000000E+00
.000000E+00
.000000E+00
.000000E+00
.000000E+00
.000000E+00
.000000E+00
.000000E+00
.000000E+00
.000000E+00
.000000E+00
.000000E+00
.000000E+00
.000000E+00
.000000E+00
.000000E+00
.000000E+00
.000000E+00
.000000E+00
.000000E+00
.000000E+00
.000000E+00
.000000E+00
.000000E+00
.000000E+00
.000000E+00
.000000E+00
.000000E+00
.000000E+00
.000000E+00
.000000E+00
.000000E+00
.000000E+00
.000000E+00
.000000E+00
.000000E+00
.000000E+00
.000000E+00
.000000E+00
.000000E+00
.000000E+00
.000000E+00
.000000E+00
.000000E+00
.000000E+00
.000000E+00
.000000E+00
.000000E+00
.000000E+00
.000000E+00
.000000E+00
.000000E+00
.000000E+00
.000000E+00
.000000E+00
.000000E+00
.000000E+00
.000000E+00
.000000E+00
.000000E+00
.000000E+00
.000000E+00
.000000E+00
.000000E+00
.000000E+00
.000000E+00
.000000E+00
.000000E+00
.000000E+00
.000000E+00
.000000E+00
.000000E+00
.000000E+00
.000000E+00
.000000E+00
.000000E+00
.000000E+00
.000000E+00
.000000E+00
.000000E+00
.000000E+00
.000000E+00
.000000E+00
.000000E+00
.000000E+00
.000000E+00
.000000E+00
.000000E+00
.000000E+00
.000000E+00
.000000E+00
.000000E+00
.000000E+00
.000000E+00
.000000E+00
.000000E+00
.000000E+00
.000000E+00
.000000E+00
.000000E+00
.000000E+00
.000000E+00
.000000E+00
.000000E+00
.000000E+00
.000000E+00
.000000E+00
.000000E+00
.000000E+00
.000000E+00
.000000E+00
.000000E+00
.000000E+00
.000000E+00
.000000E+00
.000000E+00
.000000E+00
.000000E+00
.000000E+00
.000000E+00
.000000E+00
.000000E+00
.000000E+00
.000000E+00
.000000E+00
.000000E+00
.000000E+00
.000000E+00
.000000E+00
.000000E+00
.000000E+00
.000000E+00
.000000E+00
.000000E+00
.000000E+00
.000000E+00
.000000E+00
.000000E+00
.000000E+00
.000000E+00
.000000E+00
.000000E+00
.000000E+00
.000000E+00
.000000E+00
.000000E+00
.000000E+00
.000000E+00
.000000E+00
.000000E+00
.000000E+00
.000000E+00
.000000E+00
.000000E+00
.000000E+00
.000000E+00
.000000E+00
.000000E+00
.000000E+00
.000000E+00
.000000E+00
.000000E+00
.000000E+00
.000000E+00
.000000E+00
.000000E+00
.000000E+00
.000000E+00
.000000E+00
.000000E+00
.000000E+00
.000000E+00
.000000E+00
.000000E+00
.000000E+00
.000000E+00
.000000E+00
.000000E+00
.000000E+00
.000000E+00
.000000E+00
.000000E+00
.000000E+00
.000000E+00
.000000E+00
.000000E+00
.000000E+00
.000000E+00
.000000E+00
.000000E+00
.000000E+00
.000000E+00
.000000E+00
.000000E+00
.000000E+00
.000000E+00
.000000E+00
.000000E+00
.000000E+00
.000000E+00
.000000E+00
.000000E+00
.000000E+00
.000000E+00
.000000E+00
.000000E+00
.000000E+00
.000000E+00
.000000E+00
.000000E+00
.000000E+00
.000000E+00
.000000E+00
.000000E+00
.000000E+00
.000000E+00
.000000E+00
.000000E+00
.000000E+00
.000000E+00
.000000E+00
.000000E+00
.000000E+00
.000000E+00
.000000E+00
.000000E+00
.000000E+00
.000000E+00
.000000E+00
.000000E+00
.000000E+00
.000000E+00
.000000E+00
.000000E+00
.000000E+00
.000000E+00
.000000E+00
.000000E+00
.000000E+00
.000000E+00
.000000E+00
.000000E+00
.000000E+00
.000000E+00
.000000E+00
.000000E+00
.000000E+00
.000000E+00
.000000E+00
.000000E+00
.000000E+00
.000000E+00
.000000E+00
.000000E+00
.000000E+00
.000000E+00
.000000E+00
.000000E+00
.000000E+00
.000000E+00
.000000E+00
.000000E+00
.000000E+00
.000000E+00
.000000E+00
.000000E+00
.000000E+00
.000000E+00
.000000E+00
.000000E+00
.000000E+00
.000000E+00
.000000E+00
.000000E+00
.000000E+00
.000000E+00
.000000E+00
.000000E+00
.000000E+00
.000000E+00
.000000E+00
.000000E+00
.000000E+00
.000000E+00
.000000E+00
.000000E+00
.000000E+00
.000000E+00
.000000E+00
.000000E+00
.000000E+00
.000000E+00
.000000E+00
.000000E+00
.000000E+00
.000000E+00
.000000E+00
.000000E+00
.000000E+00
.000000E+00
.000000E+00
.000000E+00
.000000E+00
.000000E+00
.000000E+00
.000000E+00
.000000E+00
.000000E+00
.000000E+00
.000000E+00
.000000E+00
.000000E+00
.000000E+00
.000000E+00
.000000E+00
.000000E+00
.000000E+00
.000000E+00
.000000E+00
.000000E+00
.000000E+00
.000000E+00
.000000E+00
.000000E+00
.000000E+00
.000000E+00
.000000E+00
.000000E+00
.000000E+00
.000000E+00
.000000E+00
.000000E+00
.000000E+00
.000000E+00
.000000E+00
.000000E+00
.000000E+00
.000000E+00
.000000E+00
.000000E+00
.000000E+00
.000000E+00
.000000E+00
.000000E+00
.000000E+00
.000000E+00
.000000E+00
.000000E+00
.000000E+00
.000000E+00
.000000E+00
.000000E+00
.000000E+00
.000000E+00
.000000E+00
.000000E+00
.000000E+00
.000000E+00
.000000E+00
.000000E+00
.000000E+00
.000000E+00
.000000E+00
.000000E+00
.000000E+00
.000000E+00
.000000E+00
.000000E+00
.000000E+00
.000000E+00
.000000E+00
.000000E+00
.000000E+00
.000000E+00
.000000E+00
.000000E+00
.000000E+00
.000000E+00
.000000E+00
.000000E+00
.000000E+00
.000000E+00
.000000E+00
.000000E+00
.000000E+00
.000000E+00
.000000E+00
.000000E+00
.000000E+00
.000000E+00
.000000E+00
.000000E+00
.000000E+00
.000000E+00
.000000E+00
.000000E+00
.000000E+00
.000000E+00
.000000E+00
.000000E+00
.000000E+00
.000000E+00
.000000E+00
.000000E+00
.000000E+00
.000000E+00
.000000E+00
.000000E+00
.000000E+00
.000000E+00
.000000E+00
.000000E+00
.000000E+00
.000000E+00
.000000E+00
.000000E+00
.000000E+00
.000000E+00
.000000E+00
.000000E+00
.000000E+00
.000000E+00
.000000E+00
.000000E+00
.000000E+00
.000000E+00
.000000E+00
.000000E+00
.000000E+00
.000000E+00
.000000E+00
.000000E+00
.000000E+00
.000000E+00
.000000E+00
.000000E+00
.000000E+00
.000000E+00
.000000E+00
.000000E+00
.000000E+00
.000000E+00
.000000E+00
.000000E+00
.000000E+00
.000000E+00
.000000E+00
.000000E+00
.000000E+00
.000000E+00
.000000E+00
.000000E+00
.000000E+00
.000000E+00
.000000E+00
.000000E+00
.000000E+00
.000000E+00
.000000E+00
.000000E+00
.000000E+00
.000000E+00
.000000E+00
.000000E+00
.000000E+00
.000000E+00
.000000E+00
.000000E+00
.000000E+00
.000000E+00
.000000E+00
.000000E+00
.000000E+00
.000000E+00
.000000E+00
.000000E+00
.000000E+00
.000000E+00
.000000E+00
.000000E+00
.000000E+00
.000000E+00
.000000E+00
.000000E+00
.000000E+00
.000000E+00
.000000E+00
.000000E+00
.000000E+00
.000000E+00
.000000E+00
.000000E+00
.000000E+00
.000000E+00
.000000E+00
.000000E+00
.000000E+00
.000000E+00
.000000E+00
.000000E+00
.000000E+00
.000000E+00
.000000E+00
.000000E+00
.000000E+00
.000000E+00
.000000E+00
.000000E+00
.000000E+00
.000000E+00
.000000E+00
.000000E+00
.000000E+00
.000000E+00
.000000E+00
.000000E+00
.000000E+00
.000000E+00
.000000E+00
.000000E+00
.000000E+00
.000000E+00
.000000E+00
.000000E+00
.000000E+00
.000000E+00
.000000E+00
.000000E+00
.000000E+00
.000000E+00
.000000E+00
.000000E+00
.000000E+00
.000000E+00
.000000E+00
.000000E+00
.000000E+00
.000000E+00
.000000E+00
.000000E+00
.000000E+00
.000000E+00
.000000E+00
.000000E+00
.000000E+00
.000000E+00
.000000E+00
.000000E+00
.000000E+00
.000000E+00
.000000E+00
.000000E+00
.000000E+00
.000000E+00
.000000E+00
.000000E+00
.000000E+00
.000000E+00
.000000E+00
.000000E+00
.000000E+00
.000000E+00
.000000E+00
.000000E+00
.000000E+00
.000000E+00
.000000E+00
.000000E+00
.000000E+00
.000000E+00
.000000E+00
.000000E+00
.000000E+00
.000000E+00
.000000E+00
.000000E+00
.000000E+00
.000000E+00
.000000E+00
.000000E+00
.000000E+00
.000000E+00
.000000E+00
.000000E+00
.000000E+00
.000000E+00
.000000E+00
.000000E+00
.000000E+00
.000000E+00
.000000E+00
.000000E+00
.000000E+00
.000000E+00
.000000E+00
.000000E+00
.000000E+00
.000000E+00
.000000E+00
.000000E+00
.000000E+00
.000000E+00
.000000E+00
.000000E+00
.000000E+00
.000000E+00
.000000E+00
.000000E+00
.000000E+00
.000000E+00
.000000E+00
.000000E+00
.000000E+00
.000000E+00
.000000E+00
.000000E+00
.000000E+00
.000000E+00
.000000E+00
.000000E+00
.000000E+00
.000000E+00
.000000E+00
.000000E+00
.000000E+00
.000000E+00
.000000E+00
.000000E+00
.000000E+00
.000000E+00
.000000E+00
.000000E+00
.000000E+00
.000000E+00
.000000E+00
.000000E+00
.000000E+00
.000000E+00
.000000E+00
.000000E+00
.000000E+00
.000000E+00
.000000E+00
.000000E+00
.000000E+00
.000000E+00
.000000E+00
.000000E+00
.000000E+00
.000000E+00
.000000E+00
.000000E+00
.000000E+00
.000000E+00
.000000E+00
.000000E+00
.000000E+00
.000000E+00
.000000E+00
.000000E+00
.000000E+00
.000000E+00
.000000E+00
.000000E+00
.000000E+00
.000000E+00
.000000E+00
.000000E+00
.000000E+00
.000000E+00
.000000E+00
.000000E+00
.000000E+00
.000000E+00
.000000E+00
.000000E+00
.000000E+00
.000000E+00
.000000E+00
.000000E+00
.000000E+00
.000000E+00
.000000E+00
.000000E+00
.000000E+00
.000000E+00
.000000E+00
.000000E+00
.000000E+00
.000000E+00
.000000E+00
.000000E+00
.000000E+00
.000000E+00
.000000E+00
.000000E+00
.000000E+00
.000000E+00
.000000E+00
.000000E+00
.000000E+00
.000000E+00
.000000E+00
.000000E+00
.000000E+00
.000000E+00
.000000E+00
.000000E+00
.000000E+00
.000000E+00
.000000E+00
.000000E+00
.000000E+00
.000000E+00
.000000E+00
.000000E+00
.000000E+00
.000000E+00
.000000E+00
.000000E+00
.000000E+00
.000000E+00
.000000E+00
.000000E+00
.000000E+00
.000000E+00
.000000E+00
.000000E+00
.000000E+00
.000000E+00
.000000E+00
.000000E+00
.000000E+00
.000000E+00
.000000E+00
.000000E+00
.000000E+00
.000000E+00
.000000E+00
.000000E+00
.000000E+00
.000000E+00
.000000E+00
.000000E+00
.000000E+00
.000000E+00
.000000E+00
.000000E+00
.000000E+00
.000000E+00
.000000E+00
.000000E+00
.000000E+00
.000000E+00
.000000E+00
.000000E+00
.000000E+00
.000000E+00
.000000E+00
.000000E+00
.000000E+00
.000000E+00
.000000E+00
.000000E+00
.000000E+00
.000000E+00
.000000E+00
.000000E+00
.000000E+00
.000000E+00
.000000E+00
.000000E+00
.000000E+00
.000000E+00
.000000E+00
.000000E+00
.000000E+00
.000000E+00
.000000E+00
.000000E+00
.000000E+00
.000000E+00
.000000E+00
.000000E+00
.000000E+00
.000000E+00
.000000E+00
.000000E+00
.000000E+00
.000000E+00
.000000E+00
.000000E+00
.000000E+00
.000000E+00
.000000E+00
.000000E+00
.000000E+00
.000000E+00
.000000E+00
.000000E+00
.000000E+00
.000000E+00
.000000E+00
.000000E+00
.000000E+00
.000000E+00
.000000E+00
.000000E+00
.000000E+00
.000000E+00
.000000E+00
.000000E+00
.000000E+00
.000000E+00
.000000E+00
.000000E+00
.000000E+00
.000000E+00
.000000E+00
.000000E+00
.000000E+00
.000000E+00
.000000E+00
.000000E+00
.000000E+00
.000000E+00
.000000E+00
.000000E+00
.000000E+00
.000000E+00
.000000E+00
.000000E+00
.000000E+00
.000000E+00
.000000E+00
.000000E+00
.000000E+00
.000000E+00
.000000E+00
.000000E+00
.000000E+00
.000000E+00
.000000E+00
.000000E+00
.000000E+00
.000000E+00
.000000E+00
.000000E+00
.000000E+00
.000000E+00
.000000E+00
.000000E+00
.000000E+00
.000000E+00
.000000E+00
.000000E+00
.000000E+00
.000000E+00
.000000E+00
.000000E+00
.000000E+00
.000000E+00
.000000E+00
.000000E+00
.000000E+00
.000000E+00
.000000E+00
.000000E+00
.000000E+00
.000000E+00
.000000E+00
.000000E+00
.000000E+00
.000000E+00
.000000E+00
.000000E+00
.000000E+00
.000000E+00
.000000E+00
.000000E+00
.000000E+00
.000000E+00
.000000E+00
.000000E+00
.000000E+00
.000000E+00
.000000E+00
.000000E+00
.000000E+00
.000000E+00
.000000E+00
.000000E+00
.000000E+00
.000000E+00
.000000E+00
.000000E+00
.000000E+00
.000000E+00
.000000E+00
.000000E+00
.000000E+00
.000000E+00
.000000E+00
.000000E+00
.000000E+00
.000000E+00
.000000E+00
.000000E+00
.000000E+00
.000000E+00
.000000E+00
.000000E+00
.000000E+00
.000000E+00
.000000E+00
.000000E+00
.000000E+00
.000000E+00
.000000E+00
.000000E+00
.000000E+00
.000000E+00
.000000E+00
.000000E+00
.000000E+00
.000000E+00
.000000E+00
.000000E+00
.000000E+00
.000000E+00
.000000E+00
.000000E+00
.000000E+00
.000000E+00
.000000E+00
.000000E+00
.000000E+00
.000000E+00
.000000E+00
.000000E+00
.000000E+00
.000000E+00
.000000E+00
.000000E+00
.000000E+00
.000000E+00
.000000E+00
.000000E+00
.000000E+00
.000000E+00
.000000E+00
.000000E+00
.000000E+00
.000000E+00
.000000E+00
.000000E+00
.000000E+00
.000000E+00
.000000E+00
.000000E+00
.000000E+00
.000000E+00
.000000E+00
.000000E+00
.000000E+00
.000000E+00
.000000E+00
.000000E+00
.000000E+00
.000000E+00
.000000E+00
.000000E+00
.000000E+00
.000000E+00
.000000E+00
.000000E+00
.000000E+00
.000000E+00
.000000E+00
.000000E+00
.000000E+00
.000000E+00
.000000E+00
.000000E+00
.000000E+00
.000000E+00
.000000E+00
.000000E+00
.000000E+00
.000000E+00
.000000E+00
.000000E+00
.000000E+00
.000000E+00
.000000E+00
.000000E+00
.000000E+00
.000000E+00
.000000E+00
.000000E+00
.000000E+00
.000000E+00
.000000E+00
.000000E+00
.000000E+00
.000000E+00
.000000E+00
.000000E+00
.000000E+00
.000000E+00
.000000E+00
.000000E+00
.000000E+00
.000000E+00
.000000E+00
.000000E+00
.000000E+00
.000000E+00
.000000E+00
.000000E+00
.000000E+00
.000000E+00
.000000E+00
.000000E+00
.000000E+00
.000000E+00
.000000E+00
.000000E+00
.000000E+00
.000000E+00
.000000E+00
.000000E+00
.000000E+00
.000000E+00
.000000E+00
.000000E+00
.000000E+00
.000000E+00
.000000E+00
.000000E+00
.000000E+00
.000000E+00
.000000E+00
.000000E+00
.000000E+00
.000000E+00
.000000E+00
.000000E+00
.000000E+00
.000000E+00
.000000E+00
.000000E+00
.000000E+00
.000000E+00
.000000E+00
.000000E+00
.000000E+00
.000000E+00
.000000E+00
.000000E+00
.000000E+00
.000000E+00
.000000E+00
.000000E+00
.000000E+00
.000000E+00
.000000E+00
.000000E+00
.000000E+00
.000000E+00
.000000E+00
.000000E+00
.000000E+00
.000000E+00
.000000E+00
.000000E+00
.000000E+00
.000000E+00
.000000E+00
.000000E+00
.000000E+00
.000000E+00
.000000E+00
.000000E+00
.000000E+00
.000000E+00
.000000E+00
.000000E+00
.000000E+00
.000000E+00
.000000E+00
.000000E+00
.000000E+00
.000000E+00
.000000E+00
.000000E+00
.000000E+00
.000000E+00
.000000E+00
.000000E+00
.000000E+00
.000000E+00
.000000E+00
.000000E+00
.000000E+00
.000000E+00
.000000E+00
.000000E+00
.000000E+00
.000000E+00
.000000E+00
.000000E+00
.000000E+00
.000000E+00
.000000E+00
.000000E+00
.000000E+00
.000000E+00
.000000E+00
.000000E+00
.000000E+00
.000000E+00
.000000E+00
.000000E+00
.000000E+00
.000000E+00
.000000E+00
.000000E+00
.000000E+00
.000000E+00
.000000E+00
.000000E+00
.000000E+00
.000000E+00
.000000E+00
.000000E+00
.000000E+00
.000000E+00
.000000E+00
.000000E+00
.000000E+00
.000000E+00
.000000E+00
.000000E+00
.000000E+00
.000000E+00
.000000E+00
.000000E+00
.000000E+00
.000000E+00
.000000E+00
.000000E+00
.000000E+00
.000000E+00
.000000E+00
.000000E+00
.000000E+00
.000000E+00
.000000E+00
.000000E+00
.000000E+00
.000000E+00
.000000E+00
.000000E+00
.000000E+00
.000000E+00
.000000E+00
.000000E+00
.000000E+00
.000000E+00
.000000E+00
.000000E+00
.000000E+00
.000000E+00
.000000E+00
.000000E+00
.000000E+00
.000000E+00
.000000E+00
.000000E+00
.000000E+00
.000000E+00
.000000E+00
.000000E+00
.000000E+00
.000000E+00
.000000E+00
.000000E+00
.000000E+00
.000000E+00
.000000E+00
.000000E+00
.000000E+00
.000000E+00
.000000E+00
.000000E+00
.000000E+00
.000000E+00
.000000E+00
.000000E+00
.000000E+00
.000000E+00
.000000E+00
.000000E+00
.000000E+00
.000000E+00
.000000E+00
.000000E+00
.000000E+00
.000000E+00
.000000E+00
.000000E+00
.000000E+00
.000000E+00
.000000E+00
.000000E+00
.000000E+00
.000000E+00
.000000E+00
.000000E+00
.000000E+00
.000000E+00
.000000E+00
.000000E+00
.000000E+00
.000000E+00
.000000E+00
.000000E+00
.000000E+00
.000000E+00
.000000E+00
.000000E+00
.000000E+00
.000000E+00
.000000E+00
.000000E+00
.000000E+00
.000000E+00
.000000E+00
.000000E+00
.000000E+00
.000000E+00
.000000E+00
.000000E+00
.000000E+00
.000000E+00
.000000E+00
.000000E+00
.000000E+00
.000000E+00
.000000E+00
.000000E+00
.000000E+00
.000000E+00
.000000E+00
.000000E+00
.000000E+00
.000000E+00
.000000E+00
.000000E+00
.000000E+00
.000000E+00
.000000E+00
.000000E+00
.000000E+00
.000000E+00
.000000E+00
.000000E+00
.000000E+00
.000000E+00
.000000E+00
.000000E+00
.000000E+00
.000000E+00
.000000E+00
.000000E+00
.000000E+00
.000000E+00
.000000E+00
.000000E+00
.000000E+00
.000000E+00
.000000E+00
.000000E+00
.000000E+00
.000000E+00
.000000E+00
.000000E+00
.000000E+00
.000000E+00
.000000E+00
.000000E+00
.000000E+00
.000000E+00
.000000E+00
.000000E+00
.000000E+00
.000000E+00
.000000E+00
.000000E+00
.000000E+00
.000000E+00
.000000E+00
.000000E+00
.000000E+00
.000000E+00
.000000E+00
.000000E+00
.000000E+00
.000000E+00
.000000E+00
.000000E+00
.000000E+00
.000000E+00
.000000E+00
.000000E+00
.000000E+00
.000000E+00
.000000E+00
.000000E+00
.000000E+00
.000000E+00
.000000E+00
.000000E+00
.000000E+00
.000000E+00
.000000E+00
.000000E+00
.000000E+00
.000000E+00
.000000E+00
.000000E+00
.000000E+00
.000000E+00
.000000E+00
.000000E+00
.000000E+00
.000000E+00
.000000E+00
.000000E+00
.000000E+00
.000000E+00
.000000E+00
.000000E+00
.000000E+00
.000000E+00
.000000E+00
.000000E+00
.000000E+00
.000000E+00
.000000E+00
.000000E+00
.000000E+00
.000000E+00
.000000E+00
.000000E+00
.000000E+00
.000000E+00
.000000E+00
.000000E+00
.000000E+00
.000000E+00
.000000E+00
.000000E+00
.000000E+00
.000000E+00
.000000E+00
.000000E+00
.000000E+00
.000000E+00
.000000E+00
.000000E+00
.000000E+00
.000000E+00
.000000E+00
.000000E+00
.000000E+00
.000000E+00
.000000E+00
.000000E+00
.000000E+00
.000000E+00
.000000E+00
.000000E+00
.000000E+00
.000000E+00
.000000E+00
.000000E+00
.000000E+00
.000000E+00
.000000E+00
.000000E+00
.000000E+00
.000000E+00
.000000E+00
.000000E+00
.000000E+00
.000000E+00
.000000E+00
.000000E+00
.000000E+00
.000000E+00
.000000E+00
.000000E+00
.000000E+00
.000000E+00
.000000E+00
.000000E+00
.000000E+00
.000000E+00
.000000E+00
.000000E+00
.000000E+00
.000000E+00
.000000E+00
.000000E+00
.000000E+00
.000000E+00
.000000E+00
.000000E+00
.000000E+00
.000000E+00
.000000E+00
.000000E+00
.000000E+00
.000000E+00
.000000E+00
.000000E+00
.000000E+00
.000000E+00
.000000E+00
.000000E+00
.000000E+00
.000000E+00
.000000E+00
.000000E+00
.000000E+00
.000000E+00
.000000E+00
.000000E+00
.000000E+00
.000000E+00
.000000E+00
.000000E+00
.000000E+00
.000000E+00
.000000E+00
.000000E+00
.000000E+00
.000000E+00
.000000E+00
.000000E+00
.000000E+00
.000000E+00
.000000E+00
.000000E+00
.000000E+00
.000000E+00
.000000E+00
.000000E+00
.000000E+00
.000000E+00
.000000E+00
.000000E+00
.000000E+00
.000000E+00
.000000E+00
.000000E+00
.000000E+00
.000000E+00
.000000E+00
.000000E+00
.000000E+00
.000000E+00
.000000E+00
.000000E+00
.000000E+00
.000000E+00
.000000E+00
.000000E+00
.000000E+00
.000000E+00
.000000E+00
.000000E+00
.000000E+00
.000000E+00
.000000E+00
.000000E+00
.000000E+00
.000000E+00
.000000E+00
.000000E+00
.000000E+00
.000000E+00
.000000E+00
.000000E+00
.000000E+00
.000000E+00
.000000E+00
.000000E+00
.000000E+00
.000000E+00
.000000E+00
.000000E+00
.000000E+00
.000000E+00
.000000E+00
.000000E+00
.000000E+00
.000000E+00
.000000E+00
.000000E+00
.000000E+00
.000000E+00
.000000E+00
.000000E+00
.000000E+00
.000000E+00
.000000E+00
.000000E+00
.000000E+00
.000000E+00
.000000E+00
.000000E+00
.000000E+00
.000000E+00
.000000E+00
.000000E+00
.000000E+00
.000000E+00
.000000E+00
.000000E+00
.000000E+00
.000000E+00
.000000E+00
.000000E+00
.000000E+00
.000000E+00
.000000E+00
.000000E+00
.000000E+00
.000000E+00
.000000E+00
.000000E+00
.000000E+00
.000000E+00
.000000E+00
.000000E+00
.000000E+00
.000000E+00
.000000E+00
.000000E+00
.000000E+00
.000000E+00
.000000E+00
.000000E+00
.000000E+00
.000000E+00
.000000E+00
.000000E+00
.000000E+00
.000000E+00
.000000E+00
.000000E+00
.000000E+00
.000000E+00
.000000E+00
.000000E+00
.000000E+00
.000000E+00
.000000E+00
.000000E+00
.000000E+00
.000000E+00
.000000E+00
.000000E+00
.000000E+00
.000000E+00
.000000E+00
.000000E+00
.000000E+00
.000000E+00
.000000E+00
.000000E+00
.000000E+00
.000000E+00
.000000E+00
.000000E+00
.000000E+00
.000000E+00
.000000E+00
.000000E+00
.000000E+00
.000000E+00
.000000E+00
.000000E+00
.000000E+00
.000000E+00
.000000E+00
.000000E+00
.000000E+00
.000000E+00
.000000E+00
.000000E+00
.000000E+00
.000000E+00
.000000E+00
.000000E+00
.000000E+00
.000000E+00
.000000E+00
.000000E+00
.000000E+00
.000000E+00
.000000E+00
.000000E+00
.000000E+00
.000000E+00
.000000E+00
.000000E+00
.000000E+00
.000000E+00
.000000E+00
.000000E+00
.000000E+00
.000000E+00
.000000E+00
.000000E+00
.000000E+00
