.000000E+00
.370911E-04
.288560E-04
.305500E-04
.296393E-04
.291223E-04
.297774E-04
.308898E-04
.321920E-04
.330965E-04
.337010E-04
.345226E-04
.351345E-04
.352073E-04
.351979E-04
.353781E-04
.355395E-04
.355505E-04
.355857E-04
.358744E-04
.364408E-04
.370864E-04
.376113E-04
.380127E-04
.383594E-04
.385404E-04
.383219E-04
.376667E-04
.368615E-04
.362761E-04
.360695E-04
.361656E-04
.364370E-04
.368277E-04
.373083E-04
.377856E-04
.381078E-04
.381700E-04
.380075E-04
.377865E-04
.377124E-04
.379425E-04
.385613E-04
.396026E-04
.410776E-04
.429845E-04
.453094E-04
.480241E-04
.510882E-04
.544559E-04
.580865E-04
.619523E-04
.660350E-04
.703156E-04
.747641E-04
.793387E-04
.839882E-04
.886562E-04
.932834E-04
.978158E-04
.102217E-03
.106478E-03
.110621E-03
.114680E-03
.118692E-03
.122680E-03
.126652E-03
.130605E-03
.134528E-03
.138410E-03
.142245E-03
.146030E-03
.149767E-03
.153456E-03
.157084E-03
.160615E-03
.163985E-03
.167108E-03
.169897E-03
.172291E-03
.174287E-03
.175943E-03
.177374E-03
.178714E-03
.180079E-03
.181531E-03
.183068E-03
.184634E-03
.186145E-03
.187516E-03
.188682E-03
.189599E-03
.190243E-03
.190602E-03
.190667E-03
.190429E-03
.189890E-03
.189060E-03
.187969E-03
.186666E-03
.185215E-03
.183692E-03
.182171E-03
.180711E-03
.179350E-03
.178090E-03
.176908E-03
.175753E-03
.174569E-03
.173302E-03
.171919E-03
.170416E-03
.168819E-03
.167179E-03
.165562E-03
.164033E-03
.162642E-03
.161416E-03
.160351E-03
.159413E-03
.158542E-03
.157665E-03
.156704E-03
.155599E-03
.154309E-03
.152828E-03
.151175E-03
.149396E-03
.147552E-03
.145702E-03
.143906E-03
.142209E-03
.140647E-03
.139244E-03
.138016E-03
.136966E-03
.136086E-03
.135352E-03
.134722E-03
.134139E-03
.133541E-03
.132870E-03
.132083E-03
.131162E-03
.130118E-03
.128985E-03
.127818E-03
.126674E-03
.125603E-03
.124639E-03
.123793E-03
.123054E-03
.122396E-03
.121781E-03
.121166E-03
.120516E-03
.119803E-03
.119012E-03
.118140E-03
.117193E-03
.116189E-03
.115149E-03
.114101E-03
.113070E-03
.112083E-03
.111165E-03
.110335E-03
.109607E-03
.108987E-03
.108472E-03
.108050E-03
.107701E-03
.107398E-03
.107112E-03
.106815E-03
.106483E-03
.106098E-03
.105647E-03
.105128E-03
.104541E-03
.103892E-03
.103189E-03
.102443E-03
.101662E-03
.100856E-03
.100029E-03
.991891E-04
.983386E-04
.974808E-04
.966184E-04
.957546E-04
.948946E-04
.940455E-04
.932170E-04
.924212E-04
.916717E-04
.909818E-04
.903630E-04
.898227E-04
.893632E-04
.889804E-04
.886639E-04
.883986E-04
.881659E-04
.879466E-04
.877232E-04
.874818E-04
.872136E-04
.869153E-04
.865885E-04
.862387E-04
.858736E-04
.855009E-04
.851277E-04
.847584E-04
.843949E-04
.840365E-04
.836805E-04
.833233E-04
.829614E-04
.825920E-04
.822144E-04
.818292E-04
.814392E-04
.810479E-04
.806595E-04
.802783E-04
.799078E-04
.795510E-04
.792098E-04
.788856E-04
.785793E-04
.782915E-04
.780219E-04
.777697E-04
.775330E-04
.773083E-04
.770902E-04
.768721E-04
.766459E-04
.764029E-04
.761352E-04
.758363E-04
.755022E-04
.751321E-04
.747287E-04
.742979E-04
.738478E-04
.733883E-04
.729289E-04
.724787E-04
.720445E-04
.716308E-04
.712398E-04
.708715E-04
.705243E-04
.701958E-04
.698835E-04
.695849E-04
.692980E-04
.690211E-04
.687526E-04
.684907E-04
.682331E-04
.679769E-04
.677189E-04
.674560E-04
.671852E-04
.669050E-04
.666152E-04
.663174E-04
.660153E-04
.657144E-04
.654215E-04
.651440E-04
.648892E-04
.646635E-04
.644715E-04
.643158E-04
.641963E-04
.641106E-04
.640541E-04
.640202E-04
.640017E-04
.639909E-04
.639804E-04
.639640E-04
.639369E-04
.638959E-04
.638397E-04
.637682E-04
.636826E-04
.635845E-04
.634758E-04
.633582E-04
.632327E-04
.630997E-04
.629591E-04
.628104E-04
.626531E-04
.624871E-04
.623130E-04
.621321E-04
.619467E-04
.617597E-04
.615741E-04
.613932E-04
.612192E-04
.610536E-04
.608961E-04
.607451E-04
.605973E-04
.604481E-04
.602923E-04
.601240E-04
.599377E-04
.597286E-04
.594930E-04
.592285E-04
.589344E-04
.586114E-04
.582615E-04
.578878E-04
.574944E-04
.570855E-04
.566660E-04
.562407E-04
.558145E-04
.553921E-04
.549782E-04
.545771E-04
.541933E-04
.538308E-04
.534935E-04
.531845E-04
.529066E-04
.526619E-04
.524512E-04
.522746E-04
.521306E-04
.520168E-04
.519296E-04
.518642E-04
.518151E-04
.517762E-04
.517414E-04
.517046E-04
.516602E-04
.516035E-04
.515311E-04
.514405E-04
.513308E-04
.512025E-04
.510572E-04
.508974E-04
.507264E-04
.505479E-04
.503653E-04
.501818E-04
.499999E-04
.498212E-04
.496461E-04
.494743E-04
.493045E-04
.491345E-04
.489622E-04
.487849E-04
.486007E-04
.484080E-04
.482060E-04
.479949E-04
.477755E-04
.475497E-04
.473199E-04
.470887E-04
.468590E-04
.466331E-04
.464132E-04
.462008E-04
.459969E-04
.458015E-04
.456143E-04
.454347E-04
.452616E-04
.450938E-04
.449305E-04
.447708E-04
.446142E-04
.444607E-04
.443104E-04
.441638E-04
.440215E-04
.438842E-04
.437526E-04
.436272E-04
.435081E-04
.433953E-04
.432880E-04
.431855E-04
.430863E-04
.429888E-04
.428911E-04
.427915E-04
.426881E-04
.425792E-04
.424638E-04
.423408E-04
.422102E-04
.420722E-04
.419278E-04
.417782E-04
.416253E-04
.414712E-04
.413179E-04
.411677E-04
.410224E-04
.408836E-04
.407525E-04
.406294E-04
.405144E-04
.404069E-04
.403055E-04
.402087E-04
.401146E-04
.400210E-04
.399261E-04
.398279E-04
.397250E-04
.396164E-04
.395016E-04
.393810E-04
.392552E-04
.391258E-04
.389945E-04
.388634E-04
.387349E-04
.386114E-04
.384949E-04
.383874E-04
.382902E-04
.382042E-04
.381299E-04
.380672E-04
.380156E-04
.379743E-04
.379421E-04
.379177E-04
.379001E-04
.378877E-04
.378796E-04
.378744E-04
.378711E-04
.378685E-04
.378653E-04
.378599E-04
.378507E-04
.378355E-04
.378121E-04
.377778E-04
.377298E-04
.376652E-04
.375812E-04
.374752E-04
.373449E-04
.371885E-04
.370051E-04
.367941E-04
.365561E-04
.362922E-04
.360044E-04
.356952E-04
.353679E-04
.350260E-04
.346734E-04
.343140E-04
.339520E-04
.335909E-04
.332346E-04
.328860E-04
.325480E-04
.322229E-04
.319125E-04
.316181E-04
.313404E-04
.310799E-04
.308365E-04
.306098E-04
.303990E-04
.302032E-04
.300211E-04
.298515E-04
.296928E-04
.295436E-04
.294024E-04
.292679E-04
.291386E-04
.290133E-04
.288909E-04
.287702E-04
.286505E-04
.285308E-04
.284105E-04
.282890E-04
.281657E-04
.280403E-04
.279123E-04
.277816E-04
.276479E-04
.275112E-04
.273714E-04
.272288E-04
.270834E-04
.269357E-04
.267861E-04
.266352E-04
.264837E-04
.263325E-04
.261823E-04
.260342E-04
.258891E-04
.257481E-04
.256120E-04
.254820E-04
.253588E-04
.252433E-04
.251362E-04
.250380E-04
.249491E-04
.248699E-04
.248005E-04
.247408E-04
.246906E-04
.246495E-04
.246169E-04
.245921E-04
.245741E-04
.245617E-04
.245538E-04
.245488E-04
.245452E-04
.245415E-04
.245359E-04
.245269E-04
.245130E-04
.244927E-04
.244648E-04
.244282E-04
.243823E-04
.243265E-04
.242607E-04
.241850E-04
.240999E-04
.240061E-04
.239046E-04
.237965E-04
.236834E-04
.235665E-04
.234476E-04
.233282E-04
.232098E-04
.230941E-04
.229822E-04
.228756E-04
.227753E-04
.226822E-04
.225970E-04
.225203E-04
.224522E-04
.223929E-04
.223421E-04
.222997E-04
.222649E-04
.222373E-04
.222161E-04
.222003E-04
.221891E-04
.221816E-04
.221767E-04
.221737E-04
.221716E-04
.221696E-04
.221671E-04
.221634E-04
.221580E-04
.221503E-04
.221401E-04
.221272E-04
.221112E-04
.220920E-04
.220697E-04
.220441E-04
.220154E-04
.219837E-04
.219490E-04
.219115E-04
.218714E-04
.218288E-04
.217841E-04
.217373E-04
.216887E-04
.216386E-04
.215869E-04
.215340E-04
.214799E-04
.214248E-04
.213688E-04
.213120E-04
.212544E-04
.211960E-04
.211371E-04
.210777E-04
.210178E-04
.209578E-04
.208978E-04
.208381E-04
.207793E-04
.207218E-04
.206663E-04
.206137E-04
.205652E-04
.205220E-04
.204859E-04
.204590E-04
.204439E-04
.204437E-04
.204626E-04
.205053E-04
.205777E-04
.206871E-04
.208421E-04
.210528E-04
.213311E-04
.216906E-04
.221467E-04
.227165E-04
.234188E-04
.242731E-04
.253000E-04
.265199E-04
.279524E-04
.296149E-04
.315224E-04
.336853E-04
.361084E-04
.387900E-04
.417200E-04
.448795E-04
.482399E-04
.517624E-04
.553983E-04
.590886E-04
.627666E-04
.663584E-04
.697853E-04
.729657E-04
.758189E-04
.782677E-04
.802411E-04
.816777E-04
.825279E-04
.827567E-04
.823448E-04
.812899E-04
.796068E-04
.773268E-04
.744964E-04
.711758E-04
.674355E-04
.633550E-04
.590182E-04
.545110E-04
.499181E-04
.453200E-04
.407917E-04
.363991E-04
.321985E-04
.282355E-04
.245452E-04
.211515E-04
.180681E-04
.152994E-04
.128416E-04
.106844E-04
.881165E-05
.720343E-05
.583698E-05
.468824E-05
.373249E-05
.294544E-05
.230390E-05
.178620E-05
.137265E-05
.104556E-05
.789388E-06
.590727E-06
.438155E-06
.322127E-06
.234735E-06
.169542E-06
.121372E-06
.861220E-07
.605701E-07
.422229E-07
.291732E-07
.199782E-07
.135607E-07
.912333E-08
.608370E-08
.402093E-08
.263401E-08
.171025E-08
.110064E-08
.702061E-09
.443847E-09
.278127E-09
.172741E-09
.106337E-09
.648803E-10
.392342E-10
.235161E-10
.139700E-10
.822481E-11
.479874E-11
.277486E-11
.158958E-11
.901791E-12
.506482E-12
.281264E-12
.155664E-12
.173317E-14
.000000E+00
.000000E+00
.000000E+00
.000000E+00
.000000E+00
.000000E+00
.000000E+00
.000000E+00
.000000E+00
.000000E+00
.000000E+00
.000000E+00
.000000E+00
.000000E+00
.000000E+00
.000000E+00
.000000E+00
.000000E+00
.000000E+00
.000000E+00
.000000E+00
.000000E+00
.000000E+00
.000000E+00
.000000E+00
.000000E+00
.000000E+00
.000000E+00
.000000E+00
.000000E+00
.000000E+00
.000000E+00
.000000E+00
.000000E+00
.000000E+00
.000000E+00
.000000E+00
.000000E+00
.000000E+00
.000000E+00
.000000E+00
.000000E+00
.000000E+00
.000000E+00
.000000E+00
.000000E+00
.000000E+00
.000000E+00
.000000E+00
.000000E+00
.000000E+00
.000000E+00
.000000E+00
.000000E+00
.000000E+00
.000000E+00
.000000E+00
.000000E+00
.000000E+00
.000000E+00
.000000E+00
.000000E+00
.000000E+00
.000000E+00
.000000E+00
.000000E+00
.000000E+00
.000000E+00
.000000E+00
.000000E+00
.000000E+00
.000000E+00
.000000E+00
.000000E+00
.000000E+00
.000000E+00
.000000E+00
.000000E+00
.000000E+00
.000000E+00
.000000E+00
.000000E+00
.000000E+00
.000000E+00
.000000E+00
.000000E+00
.000000E+00
.000000E+00
.000000E+00
.000000E+00
.000000E+00
.000000E+00
.000000E+00
.000000E+00
.000000E+00
.000000E+00
.000000E+00
.000000E+00
.000000E+00
.000000E+00
.000000E+00
.000000E+00
.000000E+00
.000000E+00
.000000E+00
.000000E+00
.000000E+00
.000000E+00
.000000E+00
.000000E+00
.000000E+00
.000000E+00
.000000E+00
.000000E+00
.000000E+00
.000000E+00
.000000E+00
.000000E+00
.000000E+00
.000000E+00
.000000E+00
.000000E+00
.000000E+00
.000000E+00
.000000E+00
.000000E+00
.000000E+00
.000000E+00
.000000E+00
.000000E+00
.000000E+00
.000000E+00
.000000E+00
.000000E+00
.000000E+00
.000000E+00
.000000E+00
.000000E+00
.000000E+00
.000000E+00
.000000E+00
.000000E+00
.000000E+00
.000000E+00
.000000E+00
.000000E+00
.000000E+00
.000000E+00
.000000E+00
.000000E+00
.000000E+00
.000000E+00
.000000E+00
.000000E+00
.000000E+00
.000000E+00
.000000E+00
.000000E+00
.000000E+00
.000000E+00
.000000E+00
.000000E+00
.000000E+00
.000000E+00
.000000E+00
.000000E+00
.000000E+00
.000000E+00
.000000E+00
.000000E+00
.000000E+00
.000000E+00
.000000E+00
.000000E+00
.000000E+00
.000000E+00
.000000E+00
.000000E+00
.000000E+00
.000000E+00
.000000E+00
.000000E+00
.000000E+00
.000000E+00
.000000E+00
.000000E+00
.000000E+00
.000000E+00
.000000E+00
.000000E+00
.000000E+00
.000000E+00
.000000E+00
.000000E+00
.000000E+00
.000000E+00
.000000E+00
.000000E+00
.000000E+00
.000000E+00
.000000E+00
.000000E+00
.000000E+00
.000000E+00
.000000E+00
.000000E+00
.000000E+00
.000000E+00
.000000E+00
.000000E+00
.000000E+00
.000000E+00
.000000E+00
.000000E+00
.000000E+00
.000000E+00
.000000E+00
.000000E+00
.000000E+00
.000000E+00
.000000E+00
.000000E+00
.000000E+00
.000000E+00
.000000E+00
.000000E+00
.000000E+00
.000000E+00
.000000E+00
.000000E+00
.000000E+00
.000000E+00
.000000E+00
.000000E+00
.000000E+00
.000000E+00
.000000E+00
.000000E+00
.000000E+00
.000000E+00
.000000E+00
.000000E+00
.000000E+00
.000000E+00
.000000E+00
.000000E+00
.000000E+00
.000000E+00
.000000E+00
.000000E+00
.000000E+00
.000000E+00
.000000E+00
.000000E+00
.000000E+00
.000000E+00
.000000E+00
.000000E+00
.000000E+00
.000000E+00
.000000E+00
.000000E+00
.000000E+00
.000000E+00
.000000E+00
.000000E+00
.000000E+00
.000000E+00
.000000E+00
.000000E+00
.000000E+00
.000000E+00
.000000E+00
.000000E+00
.000000E+00
.000000E+00
.000000E+00
.000000E+00
.000000E+00
.000000E+00
.000000E+00
.000000E+00
.000000E+00
.000000E+00
.000000E+00
.000000E+00
.000000E+00
.000000E+00
.000000E+00
.000000E+00
.000000E+00
.000000E+00
.000000E+00
.000000E+00
.000000E+00
.000000E+00
.000000E+00
.000000E+00
.000000E+00
.000000E+00
.000000E+00
.000000E+00
.000000E+00
.000000E+00
.000000E+00
.000000E+00
.000000E+00
.000000E+00
.000000E+00
.000000E+00
.000000E+00
.000000E+00
.000000E+00
.000000E+00
.000000E+00
.000000E+00
.000000E+00
.000000E+00
.000000E+00
.000000E+00
.000000E+00
.000000E+00
.000000E+00
.000000E+00
.000000E+00
.000000E+00
.000000E+00
.000000E+00
.000000E+00
.000000E+00
.000000E+00
.000000E+00
.000000E+00
.000000E+00
.000000E+00
.000000E+00
.000000E+00
.000000E+00
.000000E+00
.000000E+00
.000000E+00
.000000E+00
.000000E+00
.000000E+00
.000000E+00
.000000E+00
.000000E+00
.000000E+00
.000000E+00
.000000E+00
.000000E+00
.000000E+00
.000000E+00
.000000E+00
.000000E+00
.000000E+00
.000000E+00
.000000E+00
.000000E+00
.000000E+00
.000000E+00
.000000E+00
.000000E+00
.000000E+00
.000000E+00
.000000E+00
.000000E+00
.000000E+00
.000000E+00
.000000E+00
.000000E+00
.000000E+00
.000000E+00
.000000E+00
.000000E+00
.000000E+00
.000000E+00
.000000E+00
.000000E+00
.000000E+00
.000000E+00
.000000E+00
.000000E+00
.000000E+00
.000000E+00
.000000E+00
.000000E+00
.000000E+00
.000000E+00
.000000E+00
.000000E+00
.000000E+00
.000000E+00
.000000E+00
.000000E+00
.000000E+00
.000000E+00
.000000E+00
.000000E+00
.000000E+00
.000000E+00
.000000E+00
.000000E+00
.000000E+00
.000000E+00
.000000E+00
.000000E+00
.000000E+00
.000000E+00
.000000E+00
.000000E+00
.000000E+00
.000000E+00
.000000E+00
.000000E+00
.000000E+00
.000000E+00
.000000E+00
.000000E+00
.000000E+00
.000000E+00
.000000E+00
.000000E+00
.000000E+00
.000000E+00
.000000E+00
.000000E+00
.000000E+00
.000000E+00
.000000E+00
.000000E+00
.000000E+00
.000000E+00
.000000E+00
.000000E+00
.000000E+00
.000000E+00
.000000E+00
.000000E+00
.000000E+00
.000000E+00
.000000E+00
.000000E+00
.000000E+00
.000000E+00
.000000E+00
.000000E+00
.000000E+00
.000000E+00
.000000E+00
.000000E+00
.000000E+00
.000000E+00
.000000E+00
.000000E+00
.000000E+00
.000000E+00
.000000E+00
.000000E+00
.000000E+00
.000000E+00
.000000E+00
.000000E+00
.000000E+00
.000000E+00
.000000E+00
.000000E+00
.000000E+00
.000000E+00
.000000E+00
.000000E+00
.000000E+00
.000000E+00
.000000E+00
.000000E+00
.000000E+00
.000000E+00
.000000E+00
.000000E+00
.000000E+00
.000000E+00
.000000E+00
.000000E+00
.000000E+00
.000000E+00
.000000E+00
.000000E+00
.000000E+00
.000000E+00
.000000E+00
.000000E+00
.000000E+00
.000000E+00
.000000E+00
.000000E+00
.000000E+00
.000000E+00
.000000E+00
.000000E+00
.000000E+00
.000000E+00
.000000E+00
.000000E+00
.000000E+00
.000000E+00
.000000E+00
.000000E+00
.000000E+00
.000000E+00
.000000E+00
.000000E+00
.000000E+00
.000000E+00
.000000E+00
.000000E+00
.000000E+00
.000000E+00
.000000E+00
.000000E+00
.000000E+00
.000000E+00
.000000E+00
.000000E+00
.000000E+00
.000000E+00
.000000E+00
.000000E+00
.000000E+00
.000000E+00
.000000E+00
.000000E+00
.000000E+00
.000000E+00
.000000E+00
.000000E+00
.000000E+00
.000000E+00
.000000E+00
.000000E+00
.000000E+00
.000000E+00
.000000E+00
.000000E+00
.000000E+00
.000000E+00
.000000E+00
.000000E+00
.000000E+00
.000000E+00
.000000E+00
.000000E+00
.000000E+00
.000000E+00
.000000E+00
.000000E+00
.000000E+00
.000000E+00
.000000E+00
.000000E+00
.000000E+00
.000000E+00
.000000E+00
.000000E+00
.000000E+00
.000000E+00
.000000E+00
.000000E+00
.000000E+00
.000000E+00
.000000E+00
.000000E+00
.000000E+00
.000000E+00
.000000E+00
.000000E+00
.000000E+00
.000000E+00
.000000E+00
.000000E+00
.000000E+00
.000000E+00
.000000E+00
.000000E+00
.000000E+00
.000000E+00
.000000E+00
.000000E+00
.000000E+00
.000000E+00
.000000E+00
.000000E+00
.000000E+00
.000000E+00
.000000E+00
.000000E+00
.000000E+00
.000000E+00
.000000E+00
.000000E+00
.000000E+00
.000000E+00
.000000E+00
.000000E+00
.000000E+00
.000000E+00
.000000E+00
.000000E+00
.000000E+00
.000000E+00
.000000E+00
.000000E+00
.000000E+00
.000000E+00
.000000E+00
.000000E+00
.000000E+00
.000000E+00
.000000E+00
.000000E+00
.000000E+00
.000000E+00
.000000E+00
.000000E+00
.000000E+00
.000000E+00
.000000E+00
.000000E+00
.000000E+00
.000000E+00
.000000E+00
.000000E+00
.000000E+00
.000000E+00
.000000E+00
.000000E+00
.000000E+00
.000000E+00
.000000E+00
.000000E+00
.000000E+00
.000000E+00
.000000E+00
.000000E+00
.000000E+00
.000000E+00
.000000E+00
.000000E+00
.000000E+00
.000000E+00
.000000E+00
.000000E+00
.000000E+00
.000000E+00
.000000E+00
.000000E+00
.000000E+00
.000000E+00
.000000E+00
.000000E+00
.000000E+00
.000000E+00
.000000E+00
.000000E+00
.000000E+00
.000000E+00
.000000E+00
.000000E+00
.000000E+00
.000000E+00
.000000E+00
.000000E+00
.000000E+00
.000000E+00
.000000E+00
.000000E+00
.000000E+00
.000000E+00
.000000E+00
.000000E+00
.000000E+00
.000000E+00
.000000E+00
.000000E+00
.000000E+00
.000000E+00
.000000E+00
.000000E+00
.000000E+00
.000000E+00
.000000E+00
.000000E+00
.000000E+00
.000000E+00
.000000E+00
.000000E+00
.000000E+00
.000000E+00
.000000E+00
.000000E+00
.000000E+00
.000000E+00
.000000E+00
.000000E+00
.000000E+00
.000000E+00
.000000E+00
.000000E+00
.000000E+00
.000000E+00
.000000E+00
.000000E+00
.000000E+00
.000000E+00
.000000E+00
.000000E+00
.000000E+00
.000000E+00
.000000E+00
.000000E+00
.000000E+00
.000000E+00
.000000E+00
.000000E+00
.000000E+00
.000000E+00
.000000E+00
.000000E+00
.000000E+00
.000000E+00
.000000E+00
.000000E+00
.000000E+00
.000000E+00
.000000E+00
.000000E+00
.000000E+00
.000000E+00
.000000E+00
.000000E+00
.000000E+00
.000000E+00
.000000E+00
.000000E+00
.000000E+00
.000000E+00
.000000E+00
.000000E+00
.000000E+00
.000000E+00
.000000E+00
.000000E+00
.000000E+00
.000000E+00
.000000E+00
.000000E+00
.000000E+00
.000000E+00
.000000E+00
.000000E+00
.000000E+00
.000000E+00
.000000E+00
.000000E+00
.000000E+00
.000000E+00
.000000E+00
.000000E+00
.000000E+00
.000000E+00
.000000E+00
.000000E+00
.000000E+00
.000000E+00
.000000E+00
.000000E+00
.000000E+00
.000000E+00
.000000E+00
.000000E+00
.000000E+00
.000000E+00
.000000E+00
.000000E+00
.000000E+00
.000000E+00
.000000E+00
.000000E+00
.000000E+00
.000000E+00
.000000E+00
.000000E+00
.000000E+00
.000000E+00
.000000E+00
.000000E+00
.000000E+00
.000000E+00
.000000E+00
.000000E+00
.000000E+00
.000000E+00
.000000E+00
.000000E+00
.000000E+00
.000000E+00
.000000E+00
.000000E+00
.000000E+00
.000000E+00
.000000E+00
.000000E+00
.000000E+00
.000000E+00
.000000E+00
.000000E+00
.000000E+00
.000000E+00
.000000E+00
.000000E+00
.000000E+00
.000000E+00
.000000E+00
.000000E+00
.000000E+00
.000000E+00
.000000E+00
.000000E+00
.000000E+00
.000000E+00
.000000E+00
.000000E+00
.000000E+00
.000000E+00
.000000E+00
.000000E+00
.000000E+00
.000000E+00
.000000E+00
.000000E+00
.000000E+00
.000000E+00
.000000E+00
.000000E+00
.000000E+00
.000000E+00
.000000E+00
.000000E+00
.000000E+00
.000000E+00
.000000E+00
.000000E+00
.000000E+00
.000000E+00
.000000E+00
.000000E+00
.000000E+00
.000000E+00
.000000E+00
.000000E+00
.000000E+00
.000000E+00
.000000E+00
.000000E+00
.000000E+00
.000000E+00
.000000E+00
.000000E+00
.000000E+00
.000000E+00
.000000E+00
.000000E+00
.000000E+00
.000000E+00
.000000E+00
.000000E+00
.000000E+00
.000000E+00
.000000E+00
.000000E+00
.000000E+00
.000000E+00
.000000E+00
.000000E+00
.000000E+00
.000000E+00
.000000E+00
.000000E+00
.000000E+00
.000000E+00
.000000E+00
.000000E+00
.000000E+00
.000000E+00
.000000E+00
.000000E+00
.000000E+00
.000000E+00
.000000E+00
.000000E+00
.000000E+00
.000000E+00
.000000E+00
.000000E+00
.000000E+00
.000000E+00
.000000E+00
.000000E+00
.000000E+00
.000000E+00
.000000E+00
.000000E+00
.000000E+00
.000000E+00
.000000E+00
.000000E+00
.000000E+00
.000000E+00
.000000E+00
.000000E+00
.000000E+00
.000000E+00
.000000E+00
.000000E+00
.000000E+00
.000000E+00
.000000E+00
.000000E+00
.000000E+00
.000000E+00
.000000E+00
.000000E+00
.000000E+00
.000000E+00
.000000E+00
.000000E+00
.000000E+00
.000000E+00
.000000E+00
.000000E+00
.000000E+00
.000000E+00
.000000E+00
.000000E+00
.000000E+00
.000000E+00
.000000E+00
.000000E+00
.000000E+00
.000000E+00
.000000E+00
.000000E+00
.000000E+00
.000000E+00
.000000E+00
.000000E+00
.000000E+00
.000000E+00
.000000E+00
.000000E+00
.000000E+00
.000000E+00
.000000E+00
.000000E+00
.000000E+00
.000000E+00
.000000E+00
.000000E+00
.000000E+00
.000000E+00
.000000E+00
.000000E+00
.000000E+00
.000000E+00
.000000E+00
.000000E+00
.000000E+00
.000000E+00
.000000E+00
.000000E+00
.000000E+00
.000000E+00
.000000E+00
.000000E+00
.000000E+00
.000000E+00
.000000E+00
.000000E+00
.000000E+00
.000000E+00
.000000E+00
.000000E+00
.000000E+00
.000000E+00
.000000E+00
.000000E+00
.000000E+00
.000000E+00
.000000E+00
.000000E+00
.000000E+00
.000000E+00
.000000E+00
.000000E+00
.000000E+00
.000000E+00
.000000E+00
.000000E+00
.000000E+00
.000000E+00
.000000E+00
.000000E+00
.000000E+00
.000000E+00
.000000E+00
.000000E+00
.000000E+00
.000000E+00
.000000E+00
.000000E+00
.000000E+00
.000000E+00
.000000E+00
.000000E+00
.000000E+00
.000000E+00
.000000E+00
.000000E+00
.000000E+00
.000000E+00
.000000E+00
.000000E+00
.000000E+00
.000000E+00
.000000E+00
.000000E+00
.000000E+00
.000000E+00
.000000E+00
.000000E+00
.000000E+00
.000000E+00
.000000E+00
.000000E+00
.000000E+00
.000000E+00
.000000E+00
.000000E+00
.000000E+00
.000000E+00
.000000E+00
.000000E+00
.000000E+00
.000000E+00
.000000E+00
.000000E+00
.000000E+00
.000000E+00
.000000E+00
.000000E+00
.000000E+00
.000000E+00
.000000E+00
.000000E+00
.000000E+00
.000000E+00
.000000E+00
.000000E+00
.000000E+00
.000000E+00
.000000E+00
.000000E+00
.000000E+00
.000000E+00
.000000E+00
.000000E+00
.000000E+00
.000000E+00
.000000E+00
.000000E+00
.000000E+00
.000000E+00
.000000E+00
.000000E+00
.000000E+00
.000000E+00
.000000E+00
.000000E+00
.000000E+00
.000000E+00
.000000E+00
.000000E+00
.000000E+00
.000000E+00
.000000E+00
.000000E+00
.000000E+00
.000000E+00
.000000E+00
.000000E+00
.000000E+00
.000000E+00
.000000E+00
.000000E+00
.000000E+00
.000000E+00
.000000E+00
.000000E+00
.000000E+00
.000000E+00
.000000E+00
.000000E+00
.000000E+00
.000000E+00
.000000E+00
.000000E+00
.000000E+00
.000000E+00
.000000E+00
.000000E+00
.000000E+00
.000000E+00
.000000E+00
.000000E+00
.000000E+00
.000000E+00
.000000E+00
.000000E+00
.000000E+00
.000000E+00
.000000E+00
.000000E+00
.000000E+00
.000000E+00
.000000E+00
.000000E+00
.000000E+00
.000000E+00
.000000E+00
.000000E+00
.000000E+00
.000000E+00
.000000E+00
.000000E+00
.000000E+00
.000000E+00
.000000E+00
.000000E+00
.000000E+00
.000000E+00
.000000E+00
.000000E+00
.000000E+00
.000000E+00
.000000E+00
.000000E+00
.000000E+00
.000000E+00
.000000E+00
.000000E+00
.000000E+00
.000000E+00
.000000E+00
.000000E+00
.000000E+00
.000000E+00
.000000E+00
.000000E+00
.000000E+00
.000000E+00
.000000E+00
.000000E+00
.000000E+00
.000000E+00
.000000E+00
.000000E+00
.000000E+00
.000000E+00
.000000E+00
.000000E+00
.000000E+00
.000000E+00
.000000E+00
.000000E+00
.000000E+00
.000000E+00
.000000E+00
.000000E+00
.000000E+00
.000000E+00
.000000E+00
.000000E+00
.000000E+00
.000000E+00
.000000E+00
.000000E+00
.000000E+00
.000000E+00
.000000E+00
.000000E+00
.000000E+00
.000000E+00
.000000E+00
.000000E+00
.000000E+00
.000000E+00
.000000E+00
.000000E+00
.000000E+00
.000000E+00
.000000E+00
.000000E+00
.000000E+00
.000000E+00
.000000E+00
.000000E+00
.000000E+00
.000000E+00
.000000E+00
.000000E+00
.000000E+00
.000000E+00
.000000E+00
.000000E+00
.000000E+00
.000000E+00
.000000E+00
.000000E+00
.000000E+00
.000000E+00
.000000E+00
.000000E+00
.000000E+00
.000000E+00
.000000E+00
.000000E+00
.000000E+00
.000000E+00
.000000E+00
.000000E+00
.000000E+00
.000000E+00
.000000E+00
.000000E+00
.000000E+00
.000000E+00
.000000E+00
.000000E+00
.000000E+00
.000000E+00
.000000E+00
.000000E+00
.000000E+00
.000000E+00
.000000E+00
.000000E+00
.000000E+00
.000000E+00
.000000E+00
.000000E+00
.000000E+00
.000000E+00
.000000E+00
.000000E+00
.000000E+00
.000000E+00
.000000E+00
.000000E+00
.000000E+00
.000000E+00
.000000E+00
.000000E+00
.000000E+00
.000000E+00
.000000E+00
.000000E+00
.000000E+00
.000000E+00
.000000E+00
.000000E+00
.000000E+00
.000000E+00
.000000E+00
.000000E+00
.000000E+00
.000000E+00
.000000E+00
.000000E+00
.000000E+00
.000000E+00
.000000E+00
.000000E+00
.000000E+00
.000000E+00
.000000E+00
.000000E+00
.000000E+00
.000000E+00
.000000E+00
.000000E+00
.000000E+00
.000000E+00
.000000E+00
.000000E+00
.000000E+00
.000000E+00
.000000E+00
.000000E+00
.000000E+00
.000000E+00
.000000E+00
.000000E+00
.000000E+00
.000000E+00
.000000E+00
.000000E+00
.000000E+00
.000000E+00
.000000E+00
.000000E+00
.000000E+00
.000000E+00
.000000E+00
.000000E+00
.000000E+00
.000000E+00
.000000E+00
.000000E+00
.000000E+00
.000000E+00
.000000E+00
.000000E+00
.000000E+00
.000000E+00
.000000E+00
.000000E+00
.000000E+00
.000000E+00
.000000E+00
.000000E+00
.000000E+00
.000000E+00
.000000E+00
.000000E+00
.000000E+00
.000000E+00
.000000E+00
.000000E+00
.000000E+00
.000000E+00
.000000E+00
.000000E+00
.000000E+00
.000000E+00
.000000E+00
.000000E+00
.000000E+00
.000000E+00
.000000E+00
.000000E+00
.000000E+00
.000000E+00
.000000E+00
.000000E+00
.000000E+00
.000000E+00
.000000E+00
.000000E+00
.000000E+00
.000000E+00
.000000E+00
.000000E+00
.000000E+00
.000000E+00
.000000E+00
.000000E+00
.000000E+00
.000000E+00
.000000E+00
.000000E+00
.000000E+00
.000000E+00
.000000E+00
.000000E+00
.000000E+00
.000000E+00
.000000E+00
.000000E+00
.000000E+00
.000000E+00
.000000E+00
.000000E+00
.000000E+00
.000000E+00
.000000E+00
.000000E+00
.000000E+00
.000000E+00
.000000E+00
.000000E+00
.000000E+00
.000000E+00
.000000E+00
.000000E+00
.000000E+00
.000000E+00
.000000E+00
.000000E+00
.000000E+00
.000000E+00
.000000E+00
.000000E+00
.000000E+00
.000000E+00
.000000E+00
.000000E+00
.000000E+00
.000000E+00
.000000E+00
.000000E+00
.000000E+00
.000000E+00
.000000E+00
.000000E+00
.000000E+00
.000000E+00
.000000E+00
.000000E+00
.000000E+00
.000000E+00
.000000E+00
.000000E+00
.000000E+00
.000000E+00
.000000E+00
.000000E+00
.000000E+00
.000000E+00
.000000E+00
.000000E+00
.000000E+00
.000000E+00
.000000E+00
.000000E+00
.000000E+00
.000000E+00
.000000E+00
.000000E+00
.000000E+00
.000000E+00
.000000E+00
.000000E+00
.000000E+00
.000000E+00
.000000E+00
.000000E+00
.000000E+00
.000000E+00
.000000E+00
.000000E+00
.000000E+00
.000000E+00
.000000E+00
.000000E+00
.000000E+00
.000000E+00
.000000E+00
.000000E+00
.000000E+00
.000000E+00
.000000E+00
.000000E+00
.000000E+00
.000000E+00
.000000E+00
.000000E+00
.000000E+00
.000000E+00
.000000E+00
.000000E+00
.000000E+00
.000000E+00
.000000E+00
.000000E+00
.000000E+00
.000000E+00
.000000E+00
.000000E+00
.000000E+00
.000000E+00
.000000E+00
.000000E+00
.000000E+00
.000000E+00
.000000E+00
.000000E+00
.000000E+00
.000000E+00
.000000E+00
.000000E+00
.000000E+00
.000000E+00
.000000E+00
.000000E+00
.000000E+00
.000000E+00
.000000E+00
.000000E+00
.000000E+00
.000000E+00
.000000E+00
.000000E+00
.000000E+00
.000000E+00
.000000E+00
.000000E+00
.000000E+00
.000000E+00
.000000E+00
.000000E+00
.000000E+00
.000000E+00
.000000E+00
.000000E+00
.000000E+00
.000000E+00
.000000E+00
.000000E+00
.000000E+00
.000000E+00
.000000E+00
.000000E+00
.000000E+00
.000000E+00
.000000E+00
.000000E+00
.000000E+00
.000000E+00
.000000E+00
.000000E+00
.000000E+00
.000000E+00
.000000E+00
.000000E+00
.000000E+00
.000000E+00
.000000E+00
.000000E+00
.000000E+00
.000000E+00
.000000E+00
.000000E+00
.000000E+00
.000000E+00
.000000E+00
.000000E+00
.000000E+00
.000000E+00
.000000E+00
.000000E+00
.000000E+00
.000000E+00
.000000E+00
.000000E+00
.000000E+00
.000000E+00
.000000E+00
.000000E+00
.000000E+00
.000000E+00
.000000E+00
.000000E+00
.000000E+00
.000000E+00
.000000E+00
.000000E+00
.000000E+00
.000000E+00
.000000E+00
.000000E+00
.000000E+00
.000000E+00
.000000E+00
.000000E+00
.000000E+00
.000000E+00
.000000E+00
.000000E+00
.000000E+00
.000000E+00
.000000E+00
.000000E+00
.000000E+00
.000000E+00
.000000E+00
.000000E+00
.000000E+00
.000000E+00
.000000E+00
.000000E+00
.000000E+00
.000000E+00
.000000E+00
.000000E+00
.000000E+00
.000000E+00
.000000E+00
.000000E+00
.000000E+00
.000000E+00
.000000E+00
.000000E+00
.000000E+00
.000000E+00
.000000E+00
.000000E+00
.000000E+00
.000000E+00
.000000E+00
.000000E+00
.000000E+00
.000000E+00
.000000E+00
.000000E+00
.000000E+00
.000000E+00
.000000E+00
.000000E+00
.000000E+00
.000000E+00
.000000E+00
.000000E+00
.000000E+00
.000000E+00
.000000E+00
.000000E+00
.000000E+00
.000000E+00
.000000E+00
.000000E+00
.000000E+00
.000000E+00
.000000E+00
.000000E+00
.000000E+00
.000000E+00
.000000E+00
.000000E+00
.000000E+00
.000000E+00
.000000E+00
.000000E+00
.000000E+00
.000000E+00
.000000E+00
.000000E+00
.000000E+00
.000000E+00
.000000E+00
.000000E+00
.000000E+00
.000000E+00
.000000E+00
.000000E+00
.000000E+00
.000000E+00
.000000E+00
.000000E+00
.000000E+00
.000000E+00
.000000E+00
.000000E+00
.000000E+00
.000000E+00
.000000E+00
.000000E+00
.000000E+00
.000000E+00
.000000E+00
.000000E+00
.000000E+00
.000000E+00
.000000E+00
.000000E+00
.000000E+00
.000000E+00
.000000E+00
.000000E+00
.000000E+00
.000000E+00
.000000E+00
.000000E+00
.000000E+00
.000000E+00
.000000E+00
.000000E+00
.000000E+00
.000000E+00
.000000E+00
.000000E+00
.000000E+00
.000000E+00
.000000E+00
.000000E+00
.000000E+00
.000000E+00
.000000E+00
.000000E+00
.000000E+00
.000000E+00
.000000E+00
.000000E+00
.000000E+00
.000000E+00
.000000E+00
.000000E+00
.000000E+00
.000000E+00
.000000E+00
.000000E+00
.000000E+00
.000000E+00
.000000E+00
.000000E+00
.000000E+00
.000000E+00
.000000E+00
.000000E+00
.000000E+00
.000000E+00
.000000E+00
.000000E+00
.000000E+00
.000000E+00
.000000E+00
.000000E+00
.000000E+00
.000000E+00
.000000E+00
.000000E+00
.000000E+00
.000000E+00
.000000E+00
.000000E+00
.000000E+00
.000000E+00
.000000E+00
.000000E+00
.000000E+00
.000000E+00
.000000E+00
.000000E+00
.000000E+00
.000000E+00
.000000E+00
.000000E+00
.000000E+00
.000000E+00
.000000E+00
.000000E+00
.000000E+00
.000000E+00
.000000E+00
.000000E+00
.000000E+00
.000000E+00
.000000E+00
.000000E+00
.000000E+00
.000000E+00
.000000E+00
.000000E+00
.000000E+00
.000000E+00
.000000E+00
.000000E+00
.000000E+00
.000000E+00
.000000E+00
.000000E+00
.000000E+00
.000000E+00
.000000E+00
.000000E+00
.000000E+00
.000000E+00
.000000E+00
.000000E+00
.000000E+00
.000000E+00
.000000E+00
.000000E+00
.000000E+00
.000000E+00
.000000E+00
.000000E+00
.000000E+00
.000000E+00
.000000E+00
.000000E+00
.000000E+00
.000000E+00
.000000E+00
.000000E+00
.000000E+00
.000000E+00
.000000E+00
.000000E+00
.000000E+00
.000000E+00
.000000E+00
.000000E+00
.000000E+00
.000000E+00
.000000E+00
.000000E+00
.000000E+00
.000000E+00
.000000E+00
.000000E+00
.000000E+00
.000000E+00
.000000E+00
.000000E+00
.000000E+00
.000000E+00
.000000E+00
.000000E+00
.000000E+00
.000000E+00
.000000E+00
.000000E+00
.000000E+00
.000000E+00
.000000E+00
.000000E+00
.000000E+00
.000000E+00
.000000E+00
.000000E+00
.000000E+00
.000000E+00
.000000E+00
.000000E+00
.000000E+00
.000000E+00
.000000E+00
.000000E+00
.000000E+00
.000000E+00
.000000E+00
.000000E+00
.000000E+00
.000000E+00
.000000E+00
.000000E+00
.000000E+00
.000000E+00
.000000E+00
.000000E+00
.000000E+00
.000000E+00
.000000E+00
.000000E+00
.000000E+00
.000000E+00
.000000E+00
.000000E+00
.000000E+00
.000000E+00
.000000E+00
.000000E+00
.000000E+00
.000000E+00
.000000E+00
.000000E+00
.000000E+00
.000000E+00
.000000E+00
.000000E+00
.000000E+00
.000000E+00
.000000E+00
.000000E+00
.000000E+00
.000000E+00
.000000E+00
.000000E+00
.000000E+00
.000000E+00
.000000E+00
.000000E+00
.000000E+00
.000000E+00
.000000E+00
.000000E+00
.000000E+00
.000000E+00
.000000E+00
.000000E+00
.000000E+00
.000000E+00
.000000E+00
.000000E+00
.000000E+00
.000000E+00
.000000E+00
.000000E+00
.000000E+00
.000000E+00
.000000E+00
.000000E+00
.000000E+00
.000000E+00
.000000E+00
.000000E+00
.000000E+00
.000000E+00
.000000E+00
.000000E+00
.000000E+00
.000000E+00
.000000E+00
.000000E+00
.000000E+00
.000000E+00
.000000E+00
.000000E+00
.000000E+00
.000000E+00
.000000E+00
.000000E+00
.000000E+00
.000000E+00
.000000E+00
.000000E+00
.000000E+00
.000000E+00
.000000E+00
.000000E+00
.000000E+00
.000000E+00
.000000E+00
.000000E+00
.000000E+00
.000000E+00
.000000E+00
.000000E+00
.000000E+00
.000000E+00
.000000E+00
.000000E+00
.000000E+00
.000000E+00
.000000E+00
.000000E+00
.000000E+00
.000000E+00
.000000E+00
.000000E+00
.000000E+00
.000000E+00
.000000E+00
.000000E+00
.000000E+00
.000000E+00
.000000E+00
.000000E+00
.000000E+00
.000000E+00
.000000E+00
.000000E+00
.000000E+00
.000000E+00
.000000E+00
.000000E+00
.000000E+00
.000000E+00
.000000E+00
.000000E+00
.000000E+00
.000000E+00
.000000E+00
.000000E+00
.000000E+00
.000000E+00
.000000E+00
.000000E+00
.000000E+00
.000000E+00
.000000E+00
.000000E+00
.000000E+00
.000000E+00
.000000E+00
.000000E+00
.000000E+00
.000000E+00
.000000E+00
.000000E+00
.000000E+00
.000000E+00
.000000E+00
.000000E+00
.000000E+00
.000000E+00
.000000E+00
.000000E+00
.000000E+00
.000000E+00
.000000E+00
.000000E+00
.000000E+00
.000000E+00
.000000E+00
.000000E+00
.000000E+00
.000000E+00
.000000E+00
.000000E+00
.000000E+00
.000000E+00
.000000E+00
.000000E+00
.000000E+00
.000000E+00
.000000E+00
.000000E+00
.000000E+00
.000000E+00
.000000E+00
.000000E+00
.000000E+00
.000000E+00
.000000E+00
.000000E+00
.000000E+00
.000000E+00
.000000E+00
.000000E+00
.000000E+00
.000000E+00
.000000E+00
.000000E+00
.000000E+00
.000000E+00
.000000E+00
.000000E+00
.000000E+00
.000000E+00
.000000E+00
.000000E+00
.000000E+00
.000000E+00
.000000E+00
.000000E+00
.000000E+00
.000000E+00
.000000E+00
.000000E+00
.000000E+00
.000000E+00
.000000E+00
.000000E+00
.000000E+00
.000000E+00
.000000E+00
.000000E+00
.000000E+00
.000000E+00
.000000E+00
.000000E+00
.000000E+00
.000000E+00
.000000E+00
.000000E+00
.000000E+00
.000000E+00
.000000E+00
.000000E+00
.000000E+00
.000000E+00
.000000E+00
.000000E+00
.000000E+00
.000000E+00
.000000E+00
.000000E+00
.000000E+00
.000000E+00
.000000E+00
.000000E+00
.000000E+00
.000000E+00
.000000E+00
.000000E+00
.000000E+00
.000000E+00
.000000E+00
.000000E+00
.000000E+00
.000000E+00
.000000E+00
.000000E+00
.000000E+00
.000000E+00
.000000E+00
.000000E+00
.000000E+00
.000000E+00
.000000E+00
.000000E+00
.000000E+00
.000000E+00
.000000E+00
.000000E+00
.000000E+00
.000000E+00
.000000E+00
.000000E+00
.000000E+00
.000000E+00
.000000E+00
.000000E+00
.000000E+00
.000000E+00
.000000E+00
.000000E+00
.000000E+00
.000000E+00
.000000E+00
.000000E+00
.000000E+00
.000000E+00
.000000E+00
.000000E+00
.000000E+00
.000000E+00
.000000E+00
.000000E+00
.000000E+00
.000000E+00
.000000E+00
.000000E+00
.000000E+00
.000000E+00
.000000E+00
.000000E+00
.000000E+00
.000000E+00
.000000E+00
.000000E+00
.000000E+00
.000000E+00
.000000E+00
.000000E+00
.000000E+00
.000000E+00
.000000E+00
.000000E+00
.000000E+00
.000000E+00
.000000E+00
.000000E+00
.000000E+00
.000000E+00
.000000E+00
.000000E+00
.000000E+00
.000000E+00
.000000E+00
.000000E+00
.000000E+00
.000000E+00
.000000E+00
.000000E+00
.000000E+00
.000000E+00
.000000E+00
.000000E+00
.000000E+00
.000000E+00
.000000E+00
.000000E+00
.000000E+00
.000000E+00
.000000E+00
.000000E+00
.000000E+00
.000000E+00
.000000E+00
.000000E+00
.000000E+00
.000000E+00
.000000E+00
.000000E+00
.000000E+00
.000000E+00
.000000E+00
.000000E+00
.000000E+00
.000000E+00
.000000E+00
.000000E+00
.000000E+00
.000000E+00
.000000E+00
.000000E+00
.000000E+00
.000000E+00
.000000E+00
.000000E+00
.000000E+00
.000000E+00
.000000E+00
.000000E+00
.000000E+00
.000000E+00
.000000E+00
.000000E+00
.000000E+00
.000000E+00
.000000E+00
.000000E+00
.000000E+00
.000000E+00
.000000E+00
.000000E+00
.000000E+00
.000000E+00
.000000E+00
.000000E+00
.000000E+00
.000000E+00
.000000E+00
.000000E+00
.000000E+00
.000000E+00
.000000E+00
.000000E+00
.000000E+00
.000000E+00
.000000E+00
.000000E+00
.000000E+00
.000000E+00
.000000E+00
.000000E+00
.000000E+00
.000000E+00
.000000E+00
.000000E+00
.000000E+00
.000000E+00
.000000E+00
.000000E+00
.000000E+00
.000000E+00
.000000E+00
.000000E+00
.000000E+00
.000000E+00
.000000E+00
.000000E+00
.000000E+00
.000000E+00
.000000E+00
.000000E+00
.000000E+00
.000000E+00
.000000E+00
.000000E+00
.000000E+00
.000000E+00
.000000E+00
.000000E+00
.000000E+00
.000000E+00
.000000E+00
.000000E+00
.000000E+00
.000000E+00
.000000E+00
.000000E+00
.000000E+00
.000000E+00
.000000E+00
.000000E+00
.000000E+00
.000000E+00
.000000E+00
.000000E+00
.000000E+00
.000000E+00
.000000E+00
.000000E+00
.000000E+00
.000000E+00
.000000E+00
.000000E+00
.000000E+00
.000000E+00
.000000E+00
.000000E+00
.000000E+00
.000000E+00
.000000E+00
.000000E+00
.000000E+00
.000000E+00
.000000E+00
.000000E+00
.000000E+00
.000000E+00
.000000E+00
.000000E+00
.000000E+00
.000000E+00
.000000E+00
.000000E+00
.000000E+00
.000000E+00
.000000E+00
.000000E+00
.000000E+00
.000000E+00
.000000E+00
.000000E+00
.000000E+00
.000000E+00
.000000E+00
.000000E+00
.000000E+00
.000000E+00
.000000E+00
.000000E+00
.000000E+00
.000000E+00
.000000E+00
.000000E+00
.000000E+00
.000000E+00
.000000E+00
.000000E+00
.000000E+00
.000000E+00
.000000E+00
.000000E+00
.000000E+00
.000000E+00
.000000E+00
.000000E+00
.000000E+00
.000000E+00
.000000E+00
.000000E+00
.000000E+00
.000000E+00
.000000E+00
.000000E+00
.000000E+00
.000000E+00
.000000E+00
.000000E+00
.000000E+00
.000000E+00
.000000E+00
.000000E+00
.000000E+00
.000000E+00
.000000E+00
.000000E+00
.000000E+00
.000000E+00
.000000E+00
.000000E+00
.000000E+00
.000000E+00
.000000E+00
.000000E+00
.000000E+00
.000000E+00
.000000E+00
.000000E+00
.000000E+00
.000000E+00
.000000E+00
.000000E+00
.000000E+00
.000000E+00
.000000E+00
.000000E+00
.000000E+00
.000000E+00
.000000E+00
.000000E+00
.000000E+00
.000000E+00
.000000E+00
.000000E+00
.000000E+00
.000000E+00
.000000E+00
.000000E+00
.000000E+00
.000000E+00
.000000E+00
.000000E+00
.000000E+00
.000000E+00
.000000E+00
.000000E+00
.000000E+00
.000000E+00
.000000E+00
.000000E+00
.000000E+00
.000000E+00
.000000E+00
.000000E+00
.000000E+00
.000000E+00
.000000E+00
.000000E+00
.000000E+00
.000000E+00
.000000E+00
.000000E+00
.000000E+00
.000000E+00
.000000E+00
.000000E+00
.000000E+00
.000000E+00
.000000E+00
.000000E+00
.000000E+00
.000000E+00
.000000E+00
.000000E+00
.000000E+00
.000000E+00
.000000E+00
.000000E+00
.000000E+00
.000000E+00
.000000E+00
.000000E+00
.000000E+00
.000000E+00
.000000E+00
.000000E+00
.000000E+00
.000000E+00
.000000E+00
.000000E+00
.000000E+00
.000000E+00
.000000E+00
.000000E+00
.000000E+00
.000000E+00
.000000E+00
.000000E+00
.000000E+00
.000000E+00
.000000E+00
.000000E+00
.000000E+00
.000000E+00
.000000E+00
.000000E+00
.000000E+00
.000000E+00
.000000E+00
.000000E+00
.000000E+00
.000000E+00
.000000E+00
.000000E+00
.000000E+00
.000000E+00
.000000E+00
.000000E+00
.000000E+00
.000000E+00
.000000E+00
.000000E+00
.000000E+00
.000000E+00
.000000E+00
.000000E+00
.000000E+00
.000000E+00
.000000E+00
.000000E+00
.000000E+00
.000000E+00
.000000E+00
.000000E+00
.000000E+00
.000000E+00
.000000E+00
.000000E+00
.000000E+00
.000000E+00
.000000E+00
.000000E+00
.000000E+00
.000000E+00
.000000E+00
.000000E+00
.000000E+00
.000000E+00
.000000E+00
.000000E+00
.000000E+00
.000000E+00
.000000E+00
.000000E+00
.000000E+00
.000000E+00
.000000E+00
.000000E+00
.000000E+00
.000000E+00
.000000E+00
.000000E+00
.000000E+00
.000000E+00
.000000E+00
.000000E+00
.000000E+00
.000000E+00
.000000E+00
.000000E+00
.000000E+00
.000000E+00
.000000E+00
.000000E+00
.000000E+00
.000000E+00
.000000E+00
.000000E+00
.000000E+00
.000000E+00
.000000E+00
.000000E+00
.000000E+00
.000000E+00
.000000E+00
.000000E+00
.000000E+00
.000000E+00
.000000E+00
.000000E+00
.000000E+00
.000000E+00
.000000E+00
.000000E+00
.000000E+00
.000000E+00
.000000E+00
.000000E+00
.000000E+00
.000000E+00
.000000E+00
.000000E+00
.000000E+00
.000000E+00
.000000E+00
.000000E+00
.000000E+00
.000000E+00
.000000E+00
.000000E+00
.000000E+00
.000000E+00
.000000E+00
.000000E+00
.000000E+00
.000000E+00
.000000E+00
.000000E+00
.000000E+00
.000000E+00
.000000E+00
.000000E+00
.000000E+00
.000000E+00
.000000E+00
.000000E+00
.000000E+00
.000000E+00
.000000E+00
.000000E+00
.000000E+00
.000000E+00
.000000E+00
.000000E+00
.000000E+00
.000000E+00
.000000E+00
.000000E+00
.000000E+00
.000000E+00
.000000E+00
.000000E+00
.000000E+00
.000000E+00
.000000E+00
.000000E+00
.000000E+00
.000000E+00
.000000E+00
.000000E+00
.000000E+00
.000000E+00
.000000E+00
.000000E+00
.000000E+00
.000000E+00
.000000E+00
.000000E+00
.000000E+00
.000000E+00
.000000E+00
.000000E+00
.000000E+00
.000000E+00
.000000E+00
.000000E+00
.000000E+00
.000000E+00
.000000E+00
.000000E+00
.000000E+00
.000000E+00
.000000E+00
.000000E+00
.000000E+00
.000000E+00
.000000E+00
.000000E+00
.000000E+00
.000000E+00
.000000E+00
.000000E+00
.000000E+00
.000000E+00
.000000E+00
.000000E+00
.000000E+00
.000000E+00
.000000E+00
.000000E+00
.000000E+00
.000000E+00
.000000E+00
.000000E+00
.000000E+00
.000000E+00
.000000E+00
.000000E+00
.000000E+00
.000000E+00
.000000E+00
.000000E+00
.000000E+00
.000000E+00
.000000E+00
.000000E+00
.000000E+00
.000000E+00
.000000E+00
.000000E+00
.000000E+00
.000000E+00
.000000E+00
.000000E+00
.000000E+00
.000000E+00
.000000E+00
.000000E+00
.000000E+00
.000000E+00
.000000E+00
.000000E+00
.000000E+00
.000000E+00
.000000E+00
.000000E+00
.000000E+00
.000000E+00
.000000E+00
.000000E+00
.000000E+00
.000000E+00
.000000E+00
.000000E+00
.000000E+00
.000000E+00
.000000E+00
.000000E+00
.000000E+00
.000000E+00
.000000E+00
.000000E+00
.000000E+00
.000000E+00
.000000E+00
.000000E+00
.000000E+00
.000000E+00
.000000E+00
.000000E+00
.000000E+00
.000000E+00
.000000E+00
.000000E+00
.000000E+00
.000000E+00
.000000E+00
.000000E+00
.000000E+00
.000000E+00
.000000E+00
.000000E+00
.000000E+00
.000000E+00
.000000E+00
.000000E+00
.000000E+00
.000000E+00
.000000E+00
.000000E+00
.000000E+00
.000000E+00
.000000E+00
.000000E+00
.000000E+00
.000000E+00
.000000E+00
.000000E+00
.000000E+00
.000000E+00
.000000E+00
.000000E+00
.000000E+00
.000000E+00
.000000E+00
.000000E+00
.000000E+00
.000000E+00
.000000E+00
.000000E+00
.000000E+00
.000000E+00
.000000E+00
.000000E+00
.000000E+00
.000000E+00
.000000E+00
.000000E+00
.000000E+00
.000000E+00
.000000E+00
.000000E+00
.000000E+00
.000000E+00
.000000E+00
.000000E+00
.000000E+00
.000000E+00
.000000E+00
.000000E+00
.000000E+00
.000000E+00
.000000E+00
.000000E+00
.000000E+00
.000000E+00
.000000E+00
.000000E+00
.000000E+00
.000000E+00
.000000E+00
.000000E+00
.000000E+00
.000000E+00
.000000E+00
.000000E+00
.000000E+00
.000000E+00
.000000E+00
.000000E+00
.000000E+00
.000000E+00
.000000E+00
.000000E+00
.000000E+00
.000000E+00
.000000E+00
.000000E+00
.000000E+00
.000000E+00
.000000E+00
.000000E+00
.000000E+00
.000000E+00
.000000E+00
.000000E+00
.000000E+00
.000000E+00
.000000E+00
.000000E+00
.000000E+00
.000000E+00
.000000E+00
.000000E+00
.000000E+00
.000000E+00
.000000E+00
.000000E+00
.000000E+00
.000000E+00
.000000E+00
.000000E+00
.000000E+00
.000000E+00
.000000E+00
.000000E+00
.000000E+00
.000000E+00
.000000E+00
.000000E+00
.000000E+00
.000000E+00
.000000E+00
.000000E+00
.000000E+00
.000000E+00
.000000E+00
.000000E+00
.000000E+00
.000000E+00
.000000E+00
.000000E+00
.000000E+00
.000000E+00
.000000E+00
.000000E+00
.000000E+00
.000000E+00
.000000E+00
.000000E+00
.000000E+00
.000000E+00
.000000E+00
.000000E+00
.000000E+00
.000000E+00
.000000E+00
.000000E+00
.000000E+00
.000000E+00
.000000E+00
.000000E+00
.000000E+00
.000000E+00
.000000E+00
.000000E+00
.000000E+00
.000000E+00
.000000E+00
.000000E+00
.000000E+00
.000000E+00
.000000E+00
.000000E+00
.000000E+00
.000000E+00
.000000E+00
.000000E+00
.000000E+00
.000000E+00
.000000E+00
.000000E+00
.000000E+00
.000000E+00
.000000E+00
.000000E+00
.000000E+00
.000000E+00
.000000E+00
.000000E+00
.000000E+00
.000000E+00
.000000E+00
.000000E+00
.000000E+00
.000000E+00
.000000E+00
.000000E+00
.000000E+00
.000000E+00
.000000E+00
.000000E+00
.000000E+00
.000000E+00
.000000E+00
.000000E+00
.000000E+00
.000000E+00
.000000E+00
.000000E+00
.000000E+00
.000000E+00
.000000E+00
.000000E+00
.000000E+00
.000000E+00
.000000E+00
.000000E+00
.000000E+00
.000000E+00
.000000E+00
.000000E+00
.000000E+00
.000000E+00
.000000E+00
.000000E+00
.000000E+00
.000000E+00
.000000E+00
.000000E+00
.000000E+00
.000000E+00
.000000E+00
.000000E+00
.000000E+00
.000000E+00
.000000E+00
.000000E+00
.000000E+00
.000000E+00
.000000E+00
.000000E+00
.000000E+00
.000000E+00
.000000E+00
.000000E+00
.000000E+00
.000000E+00
.000000E+00
.000000E+00
.000000E+00
.000000E+00
.000000E+00
.000000E+00
.000000E+00
.000000E+00
.000000E+00
.000000E+00
.000000E+00
.000000E+00
.000000E+00
.000000E+00
.000000E+00
.000000E+00
.000000E+00
.000000E+00
.000000E+00
.000000E+00
.000000E+00
.000000E+00
.000000E+00
.000000E+00
.000000E+00
.000000E+00
.000000E+00
.000000E+00
.000000E+00
.000000E+00
.000000E+00
.000000E+00
.000000E+00
.000000E+00
.000000E+00
.000000E+00
.000000E+00
.000000E+00
.000000E+00
.000000E+00
.000000E+00
.000000E+00
.000000E+00
.000000E+00
.000000E+00
.000000E+00
.000000E+00
.000000E+00
.000000E+00
.000000E+00
.000000E+00
.000000E+00
.000000E+00
.000000E+00
.000000E+00
.000000E+00
.000000E+00
.000000E+00
.000000E+00
.000000E+00
.000000E+00
.000000E+00
.000000E+00
.000000E+00
.000000E+00
.000000E+00
.000000E+00
.000000E+00
.000000E+00
.000000E+00
.000000E+00
.000000E+00
.000000E+00
.000000E+00
.000000E+00
.000000E+00
.000000E+00
.000000E+00
.000000E+00
.000000E+00
.000000E+00
.000000E+00
.000000E+00
.000000E+00
.000000E+00
.000000E+00
.000000E+00
.000000E+00
.000000E+00
.000000E+00
.000000E+00
.000000E+00
.000000E+00
.000000E+00
.000000E+00
.000000E+00
.000000E+00
.000000E+00
.000000E+00
.000000E+00
.000000E+00
.000000E+00
.000000E+00
.000000E+00
.000000E+00
.000000E+00
.000000E+00
.000000E+00
.000000E+00
.000000E+00
.000000E+00
.000000E+00
.000000E+00
.000000E+00
.000000E+00
.000000E+00
.000000E+00
.000000E+00
.000000E+00
.000000E+00
.000000E+00
.000000E+00
.000000E+00
.000000E+00
.000000E+00
.000000E+00
.000000E+00
.000000E+00
.000000E+00
.000000E+00
.000000E+00
.000000E+00
.000000E+00
.000000E+00
.000000E+00
.000000E+00
.000000E+00
.000000E+00
.000000E+00
.000000E+00
.000000E+00
.000000E+00
.000000E+00
.000000E+00
.000000E+00
.000000E+00
.000000E+00
.000000E+00
.000000E+00
.000000E+00
.000000E+00
.000000E+00
.000000E+00
.000000E+00
.000000E+00
.000000E+00
.000000E+00
.000000E+00
.000000E+00
.000000E+00
.000000E+00
.000000E+00
.000000E+00
.000000E+00
.000000E+00
.000000E+00
.000000E+00
.000000E+00
.000000E+00
.000000E+00
.000000E+00
.000000E+00
.000000E+00
.000000E+00
.000000E+00
.000000E+00
.000000E+00
.000000E+00
.000000E+00
.000000E+00
.000000E+00
.000000E+00
.000000E+00
.000000E+00
.000000E+00
.000000E+00
.000000E+00
.000000E+00
.000000E+00
.000000E+00
.000000E+00
.000000E+00
.000000E+00
.000000E+00
.000000E+00
.000000E+00
.000000E+00
.000000E+00
.000000E+00
.000000E+00
.000000E+00
.000000E+00
.000000E+00
.000000E+00
.000000E+00
.000000E+00
.000000E+00
.000000E+00
.000000E+00
.000000E+00
.000000E+00
.000000E+00
.000000E+00
.000000E+00
.000000E+00
.000000E+00
.000000E+00
.000000E+00
.000000E+00
.000000E+00
.000000E+00
.000000E+00
.000000E+00
.000000E+00
.000000E+00
.000000E+00
.000000E+00
.000000E+00
.000000E+00
.000000E+00
.000000E+00
.000000E+00
.000000E+00
.000000E+00
.000000E+00
.000000E+00
.000000E+00
.000000E+00
.000000E+00
.000000E+00
.000000E+00
.000000E+00
.000000E+00
.000000E+00
.000000E+00
.000000E+00
.000000E+00
.000000E+00
.000000E+00
.000000E+00
.000000E+00
.000000E+00
.000000E+00
.000000E+00
.000000E+00
.000000E+00
.000000E+00
.000000E+00
.000000E+00
.000000E+00
.000000E+00
.000000E+00
.000000E+00
.000000E+00
.000000E+00
.000000E+00
.000000E+00
.000000E+00
.000000E+00
.000000E+00
.000000E+00
.000000E+00
.000000E+00
.000000E+00
.000000E+00
.000000E+00
.000000E+00
.000000E+00
.000000E+00
.000000E+00
.000000E+00
.000000E+00
.000000E+00
.000000E+00
.000000E+00
.000000E+00
.000000E+00
.000000E+00
.000000E+00
.000000E+00
.000000E+00
.000000E+00
.000000E+00
.000000E+00
.000000E+00
.000000E+00
.000000E+00
.000000E+00
.000000E+00
.000000E+00
.000000E+00
.000000E+00
.000000E+00
.000000E+00
.000000E+00
.000000E+00
.000000E+00
.000000E+00
.000000E+00
.000000E+00
.000000E+00
.000000E+00
.000000E+00
.000000E+00
.000000E+00
.000000E+00
.000000E+00
