0.645383759
0.744300892
0.722451211
0.175503314
0.541044312
0.443453347
0.870543496
0.8604689
0.493869107
0.911665387
2.369305436
0.029973022
0.376271697
0.92125764
1.155522053
0.922173583
0.484931433
0.682208631
0.460285341
0.348178768
0.507082785
2.025547158
1.583694115
0.852332315
0.284425967
0.45373272
0.792334503
0.878187445
1.019603323
0.871771528
0.904726366
1.486246024
2.048545283
1.170079612
0.615299059
0.528149101
0.835097476
0.636412283
0.379595403
0.696711549
0.715706831
0.606372269
1.657354936
2.097940418
1.041528037
0.932746182
0.440272711
0.343016476
0.519969148
0.768387504
0.443665867
0.572588711
0.827656627
1.517877605
2.01813525
0.664907868
0.120825024
0.343843593
0.325245911
0.277671729
0.376033899
0.455217689
0.557521843
0.579084462
1.022101359
2.114723668
1.224114211
1.440036076
0.970402871
0.8991149
0.999767041
0.823121289
0.652802962
0.758394182
1.410158954
1.319870276
2.076321692
0.661087591
0.81357502
0.502592575
0.242641719
0.670531699
1.097118433
0.7073288
0.85691872
0.733110305
1.829083653
2.113188854
0.916219949
0.347242561
0.700843879
0.710544657
1.034448485
0.738191634
0.370116254
0.668744085
0.942047729
1.609924383
2.020484641
0.863668415
0.906298335
0.499107919
0.401149111
1.211068672
0.565978062
0.880897138
1.582660234
1.809687712
1.53286717
2.013472883
0.848246658
0.824092891
0.728641642
0.422449217
0.923250463
1.101565787
0.992981262
0.54327177
0.59007529
0.417489548
0.168870467
0.415922866
0.434687245
0.591373399
0.936356881
0.992641069
0.413443031
0.855292253
0.717316765
0.867771998
0.687200652
0.751076535
1.154859849
1.067277822
0.677639412
0.39358645
0.561892911
0.486128146
0.558831165
1.084851523
1.033392718
1.027734756
0.483746788
0.563405878
0.917664121
1.014529861
1.008889804
0.963840968
0.314204886
0.137348815
0.228279066
0.758909947
0.191591839
0.473693163
0.370408501
0.370265262
0.423675706
0.390354607
0.634202021
0.698552385
0.329388278
0.8618007
0.625634506
0.301572949
0.500264098
1.018173517
0.446244886
0.931728454
0.538607533
0.762141789
1.163794415
1.160356666
0.485519378
0.971710191
0.949561777
1.501705446
1.608597953
0.977941111
0.821272862
0.653995936
0.473191825
0.617577282
0.57132041
0.136738986
1.090141843
0.509473545
0.646312459
0.889030518
0.488433982
0.781934059
0.748330716
1.179932444
0.19097309
0.859905804
0.839211451
0.934997782
0.484209718
0.374696798
0.349841771
0.378621276
0.6537617
1.17644402
0.399179363
0.371553582
0.868917568
0.45540296
0.546756085
0.946816638
0.880954451
0.485327104
0.689690659
0.397471488
0.781243641
1.064469216
0.822886713
0.782588138
0.678189758
0.189292469
0.747858326
0.847441953
